1267352604176265200,1185505229552439300,"@AntiTurtles لا والله فالمستقبل ولله الحمد","highly-anonymous","Caleb"
1267352489969569800,1185505229552439300,"الحين انطر الهاشتاق امتحان كيمياء صعب. 🤣","highly-anonymous","Caleb"
1267347312214507500,1185505229552439300,"@AntiTurtles All I know it’s called Pythagorean","highly-anonymous","Caleb"
1267347085621375000,1185505229552439300,"@JBF_27 No","highly-anonymous","Caleb"
1267347036959113200,1185505229552439300,"👁👄👁 https://t.co/Skm79CZ4ab","highly-anonymous","Caleb"
1267320896357904400,1185505229552439300,"@Nelllow ما اظن","highly-anonymous","Caleb"
1267311899282210800,1185505229552439300,"@I_NoiceLati I lost brain cells reading it 👁👄👁","highly-anonymous","Caleb"
1267311722387431400,1185505229552439300,"A potato flew around my room","highly-anonymous","Caleb"
1267302298335707100,1185505229552439300,"@annoying999 @alrayyan1994 @itsQQQ Ur just showing urself how disgusting you are","highly-anonymous","Caleb"
1267297696219570200,1185505229552439300,"@annoying999 @alrayyan1994 @itsQQQ I have the right to say it, plus you can’t judge me by my color. You don’t have… https://t.co/1EGooebBN6","highly-anonymous","Caleb"
1267249437786726400,1185505229552439300,"I may not say it but being an Arab girl giving me a lot of brain damage","highly-anonymous","Caleb"
1267241029851381800,1185505229552439300,"@annoying999 @alrayyan1994 @itsQQQ I have the right to say it my mom is black","highly-anonymous","Caleb"
1267127425864999000,1185505229552439300,"Mayor Jacob Frey: Justice for George Floyd - Sign the Petition! https://t.co/vS3zzsxGMq via @Change","highly-anonymous","Caleb"
1267115112055406600,1185505229552439300,"Y’all do a lot of talking then “tweets aren’t loading right now”","highly-anonymous","Caleb"
1267114800049467400,1185505229552439300,"@jbm_aldosari Hahah you didn’t short","highly-anonymous","Caleb"
1267111826673864700,1185505229552439300,"@_hjtt ليته طاقع","highly-anonymous","Caleb"
1267111353757708300,1185505229552439300,"Let’s talk about the positive thing we had in Qatar today that we reached 56% recovery from corona virus","highly-anonymous","Caleb"
1267111072114315300,1185505229552439300,"@DivineDiabetic I’m waiting for “the tweet isn’t loading right now”","highly-anonymous","Caleb"
1267110767796670500,1185505229552439300,"@ThatMubarakDude Arab think being a black person is shameful","highly-anonymous","Caleb"
1267109686186324000,1185505229552439300,"@lluuullu Angella looks different here 😭😭😂","highly-anonymous","Caleb"
1267370977974980600,1225919371064696800,"@nrlsyfqhns AHHSHFHSHS WEH APESAL KO KENA BLOCK ni ha ada org buat twt baru semata2 nk throw hate dkt suju. bodoema… https://t.co/j4ky66eU0A","highly-anonymous","Caleb"
1267367788303118300,1225919371064696800,"@MissShfly it looks like a game title","highly-anonymous","Caleb"
1267367619633373200,1225919371064696800,"@aqilahyeye419 ㅁㅇㅅㄹㅂ
Sama, mouse rabbit jgk haha","highly-anonymous","Caleb"
1267367430101143600,1225919371064696800,"@fewto13 @shinwon_love @inidsyou @SJofficial i have never seen shindong cry, and this really put me to tears 😭😭😭","highly-anonymous","Caleb"
1267354091769888800,1225919371064696800,"THE WAY I PFFTS DHEHDHDHHDHSHS YES OPPA THE HANDSOMEST TRIO 💙 https://t.co/QnaCzSv3dK","highly-anonymous","Caleb"
1267353663439167500,1225919371064696800,"@Vaishu_NoisyElf @yamarie_suju @SJofficial ALWAYS 🤣🤣🤣","highly-anonymous","Caleb"
1267352947249172500,1225919371064696800,"ayyyy so hd i love 😍❤️ https://t.co/Fpf6hCejZz","highly-anonymous","Caleb"
1267352578834067500,1225919371064696800,"wow i love this fancam 😂
 https://t.co/cNnu8bVxjf","highly-anonymous","Caleb"
1267351180591546400,1225919371064696800,"AHAHSHSAHSHD THE BUBBLE FIGHT 🤣🤣 https://t.co/7RDJHVNze3","highly-anonymous","Caleb"
1267348196134547500,1225919371064696800,"@shinwon_love @inidsyou @SJofficial NOOOO why was shindong crying??? 😭😭😭","highly-anonymous","Caleb"
1267338876898750500,1626477474,"I watch a haunted house jus for Cedric part lol","highly-anonymous","Caleb"
1267318372850716700,1626477474,"Pac Rollin Over in his grave fasho lol","highly-anonymous","Caleb"
1267295852051206100,1626477474,"Roddy really took ricch forever off tidal 😢 that sample must not be cleared","highly-anonymous","Caleb"
1267286566696820700,1626477474,"Why you showin mfs the tape","highly-anonymous","Caleb"
1267286466587230200,1626477474,"😂😂😂😂 https://t.co/9rhgTGyuG9","highly-anonymous","Caleb"
1267276828592480300,1626477474,"@ImSmoove24 Smh lol 🤦🏽‍♂️ anything to get out bro","highly-anonymous","Caleb"
1267275980797853700,1626477474,"🤦🏽‍♂️ https://t.co/V5Lq4suQKU","highly-anonymous","Caleb"
1267275493960712200,1626477474,"People poppin out to protest in they best fit couldn’t wait to get out","highly-anonymous","Caleb"
1267259337426305000,1626477474,"https://t.co/KaVHqmwKcG","highly-anonymous","Caleb"
1267219028508016600,1626477474,"Mmm","highly-anonymous","Caleb"
1267156123825700900,1626477474,"Drop tracklist I’m trynn see if a certain song on it https://t.co/neTKQXypJu","highly-anonymous","Caleb"
1267127199334793200,1626477474,"Ain’t hard to be sucka free","highly-anonymous","Caleb"
1267117734598520800,1626477474,"Take us back to nye we needa redo","highly-anonymous","Caleb"
1267117366619635700,1626477474,"Damn it’s crazy how this shit be exposing people lol","highly-anonymous","Caleb"
1267103610271383600,1626477474,"@markchinn21 Smh hell yea","highly-anonymous","Caleb"
1267073564655652900,1626477474,"@Simba_Bitch Smh did all that to get popped","highly-anonymous","Caleb"
1267065638947893200,1626477474,"@KayyyReesee 😂😂 i did","highly-anonymous","Caleb"
1267065576188493800,1626477474,"@Simba_Bitch Bro I’m like  i watched this shit for this lol","highly-anonymous","Caleb"
1266963631276798000,1626477474,"Wow https://t.co/A2TMOYnYXt","highly-anonymous","Caleb"
1266961377144508400,1626477474,"All day and a night best movie on Netflix rn","highly-anonymous","Caleb"
1266960948138594300,1626477474,"Yea they extra lame for that https://t.co/3IoS9ctc3B","highly-anonymous","Caleb"
1260681387822272500,1115000509293912000,"@_kinrui karmas a bitch","highly-anonymous","Caleb"
1259213113615843300,1115000509293912000,"@cokemucus You can get some solid finds out there","highly-anonymous","Caleb"
1259193316584886300,1115000509293912000,"@cokemucus PRIMARK","highly-anonymous","Caleb"
1248790015125135400,1115000509293912000,"I’m feeling really upside down","highly-anonymous","Caleb"
1242823801693405200,1115000509293912000,"@_kinrui Jake really be our here coronaring us up","highly-anonymous","Caleb"
1238152863974658000,1115000509293912000,"@brklynbabey Man up and just shove it through","highly-anonymous","Caleb"
1237896224033763300,1115000509293912000,"Marmite n toast be decent","highly-anonymous","Caleb"
1235710458826551300,1115000509293912000,"Wondering what to tweet..","highly-anonymous","Caleb"
1235381372375703600,1115000509293912000,"@SamDavidge2 Put a baby bell in a wrap?","highly-anonymous","Caleb"
1235184025314218000,1115000509293912000,"@SamDavidge2 Put a baby bell in a wrap?","highly-anonymous","Caleb"
1233106648656482300,1115000509293912000,"Nude.","highly-anonymous","Caleb"
1232253043636347000,1115000509293912000,"Glasses. Someone bring me glasses","highly-anonymous","Caleb"
1229076752015728600,1115000509293912000,"My toes are white","highly-anonymous","Caleb"
1228421642902286300,1115000509293912000,"I am in bed wondering how flat the earth is","highly-anonymous","Caleb"
1227336188589232000,1115000509293912000,"Just found out my socks have been on the wrong feet all day 🤭🤭so embarrassing","highly-anonymous","Caleb"
1227020116468080600,1115000509293912000,"@brklynbabey Feeling safe vibes","highly-anonymous","Caleb"
1227018213789229000,1115000509293912000,"I’m pretty sure there’s some version of Micheal Jackson under my bed","highly-anonymous","Caleb"
1226476929630580700,1115000509293912000,"@brklynbabey You might of well just gone back to France","highly-anonymous","Caleb"
1226476426154651600,1115000509293912000,"@brklynbabey Came back at the wrong time this is ridiculous","highly-anonymous","Caleb"
1226476148135166000,1115000509293912000,"@brklynbabey This storm that happening rn","highly-anonymous","Caleb"
1225455656729182200,1115000509293912000,"Is it just me?","highly-anonymous","Caleb"
1219963210968785000,1115000509293912000,"@G2Pengu @G2esports @Rainbow6Game Bandito Dorito","highly-anonymous","Caleb"
1204328988849651700,1115000509293912000,"@Rainbow6Game Bby Blackbeard","highly-anonymous","Caleb"
1180192504832020500,1115000509293912000,"@rightmom65 @TIME @GretaThunberg No she’s one of the only ones with the courage to tell the truth","highly-anonymous","Caleb"
1266879671540449300,620320805,"Moff progress ♥️ https://t.co/L4qwyDU2qs","highly-anonymous","Caleb"
1266595276485083100,620320805,"Jeez. That's some emotional whiplash, to sign off from the Nebulas conference and plunge back into the news, to see… https://t.co/mwcEinsBb1","highly-anonymous","Caleb"
1266027330331271200,620320805,"Mentorship meeting tonight which means I'm going to be this gif until it happens, thanks brain https://t.co/gAVMMYusKe","highly-anonymous","Caleb"
1265826047481614300,620320805,"""Please can I listen to the courier show with the kids and the birds before bed, mama?"" Of course you can, kiddo, w… https://t.co/K1zkcBrVDD","highly-anonymous","Caleb"
1265809867509338000,620320805,"It is a beautiful day on the lake, and this is a horrible goose https://t.co/Ok1dnyU7cX","highly-anonymous","Caleb"
1264614168394522600,620320805,"@dreamstobecome Normal Doubt and Baking with Honey (which can't be anything bad, ever)","highly-anonymous","Caleb"
1264586267213234200,620320805,"@dreamstobecome @queenfeliciacat that's her sweater now, you're stuck 😅","highly-anonymous","Caleb"
1263479642222063600,620320805,"@jendrawscomics Caleb.
https://t.co/n1b6uNh6Yv

 I made him to be a supporting char/foil for my main, Pyrrhus, for… https://t.co/sAf4Ncu0Ya","highly-anonymous","Caleb"
1263139809641431000,620320805,"@AngelaSasserArt One day! I need my own yard and no HOA for once...! https://t.co/U4Ik8DFaPz","highly-anonymous","Caleb"
1262896554563666000,620320805,"I have a bowl full of discarded vegetable bits like hard stems and all I can think is, ""I wish I had some chickens… https://t.co/Dn08ozYq1a","highly-anonymous","Caleb"
1262896005189472300,620320805,"@sketchingsprw That. Looks. Amazing 😍","highly-anonymous","Caleb"
1262808261167702000,620320805,"@dreamstobecome gonna have to go with ""the cock crowes"" https://t.co/MxOUjxfn5X","highly-anonymous","Caleb"
1262784564306473000,620320805,"@dreamstobecome yep just got that email too. We're rolling our badges over to next year; I'm still excited to go! See you there!","highly-anonymous","Caleb"
1262613096616452000,620320805,"I have never had seasonal allergies in my life, why is it suddenly _now_ I get sneezing snuffling itchiness? Not co… https://t.co/so9ssQuqz3","highly-anonymous","Caleb"
1262543136762392600,620320805,"Spicy butter corn on the cob, bbq chicken, all grilled out on the patio, and Angel food cake with strawberries afte… https://t.co/HaMTAsD2yg","highly-anonymous","Caleb"
1267370882093273000,2741865730,"@ShawnPollard_ 😂😂can’t wait","highly-anonymous","Caleb"
1267370733770084400,2741865730,"@ShawnPollard_ Lmaoo what you tryna do then man","highly-anonymous","Caleb"
1267174677195174000,2741865730,"@Dashyra1 😭😭yes u was smh it’s okay you graduated you can do thatttttt","highly-anonymous","Caleb"
1267173359793602600,2741865730,"@Dashyra1 Oh you alive crazy! 😂","highly-anonymous","Caleb"
1267171064800522200,2741865730,"okkkk https://t.co/QBuP0rsQL9","highly-anonymous","Caleb"
1267142641000595500,2741865730,"Shit really be weird asf","highly-anonymous","Caleb"
1267141248688836600,2741865730,"Nah being lied to turn my crazy up https://t.co/ANehLlIK5c","highly-anonymous","Caleb"
1267135150606954500,2741865730,"Ew ew ewwwww","highly-anonymous","Caleb"
1266852021119914000,2741865730,"@ShawnPollard_ 😂😂","highly-anonymous","Caleb"
1266767043979812900,2741865730,"@madielizaa Right","highly-anonymous","Caleb"
1266766798076162000,2741865730,"It’s really all girls in my family 😭","highly-anonymous","Caleb"
1266764600147611600,2741865730,"😂😂this me cause rj never tell me what the song is https://t.co/8pXeUMHrXO","highly-anonymous","Caleb"
1266423964580053000,2741865730,"😂😂😂😂 https://t.co/E82DahtIKM","highly-anonymous","Caleb"
1267367680912371700,518227176,"'Little Chef' charms Myanmar with lockdown cooking classes https://t.co/VZKjrE2MSN","highly-anonymous","Caleb"
1267366547091263500,518227176,"Trump took shelter in White House bunker as protests raged https://t.co/RQpoXW2UDL","highly-anonymous","Caleb"
1267365253001687000,518227176,"@e_whittler @sandrajg19 I was thinking the same thing and they had him in the car twice and next to the door when h… https://t.co/MJct9VhuRs","highly-anonymous","Caleb"
1267364930359038000,518227176,"In Seeking to Hold Michigan, Trump Can Be His Own Worst Enemy https://t.co/AVcX4KVBO9","highly-anonymous","Caleb"
1267356761067044900,518227176,"@thenandolorian NO SHIT!","highly-anonymous","Caleb"
1267356391515263000,518227176,"@dojamowry Who the hell is this bitch?","highly-anonymous","Caleb"
1267356213773287400,518227176,"@SpeedySaiyan Okay, When I saw it too I thought that's who it was and discovered this crap.  Santana the man is hig… https://t.co/C9tHNFSiYH","highly-anonymous","Caleb"
1267354861781291000,518227176,"@underland @HuffPostPol It may be the same one you tweeted.","highly-anonymous","Caleb"
1267354688321708000,518227176,"@SocialPowerOne1 I hear news casters and one just now say ""Floyd's death that started these protested for the last… https://t.co/KMj4RuZIFm","highly-anonymous","Caleb"
1267352888592027600,518227176,"@underland @HuffPostPol A Guy Drove a semi truck into a crowd as I just saw too.  I didn't get the town.","highly-anonymous","Caleb"
1267293373339230200,518227176,"MN. Chief of Police just stated all the officers conducted themselves the exact same way and should have been treat… https://t.co/gdil7MKP1h","highly-anonymous","Caleb"
1267290436466598000,518227176,"@Rschooley Nice Find!","highly-anonymous","Caleb"
1267288663404265500,518227176,"We interrupt our regularly scheduled bullshit for a tender moment..... https://t.co/c8MJ4f3gbz","highly-anonymous","Caleb"
1267288252928725000,518227176,"@Budz442Bud @realDonaldTrump @GOP Somewhere Kapernick is shaking his head because he took a knee, peacefully and… https://t.co/gYhpNLj3k1","highly-anonymous","Caleb"
1267262564343468000,1238822599167225900,"@blakk_sensei https://t.co/g071xovWiX","highly-anonymous","Caleb"
1267164817242181600,1238822599167225900,"@riahsinterlude best feeling ever","highly-anonymous","Caleb"
1267135004863234000,1238822599167225900,"EMERGENCY. CODE. ATTACK.","highly-anonymous","Caleb"
1266911485663551500,1238822599167225900,"https://t.co/Mw0NrwiX7K https://t.co/XpLOaXUgXy","highly-anonymous","Caleb"
1266544140524892200,1238822599167225900,"@mugenhearts Player name Lyokohh, im on ship 3","highly-anonymous","Caleb"
1266543700559179800,1238822599167225900,"@mugenhearts I'm only 17 now but ima catch up 💯","highly-anonymous","Caleb"
1266542767926362000,1238822599167225900,"@mugenhearts which quests you be doin","highly-anonymous","Caleb"
1266541865005973500,1238822599167225900,"@mugenhearts 57 nigga?!","highly-anonymous","Caleb"
1266475249735995400,1238822599167225900,"@GoldenLeonhardt try rastaferris it seems like it's connected to my old xbox","highly-anonymous","Caleb"
1266473564343013400,1238822599167225900,"@gum_mp3 ima read em after this re-watch https://t.co/UKAeep79gj","highly-anonymous","Caleb"
1266473444373389300,1238822599167225900,"@InsomniacOnAcid it's cool in game the lobby just laggy af, also ppl seem to be having problems with the microsoft store","highly-anonymous","Caleb"
1266473256342753300,1238822599167225900,"@GoldenLeonhardt bet","highly-anonymous","Caleb"
1267376318703980500,735875682203373600,"An inspiring corgi in a furry visual novel vs. pears.","highly-anonymous","Caleb"
1267374007348797400,735875682203373600,"A two-headed sailor in a hairless FPS vs. carpenters.","highly-anonymous","Caleb"
1267371975598579700,735875682203373600,"A chocolate fox in an unpleasant action game with ants.","highly-anonymous","Caleb"
1267368675704791000,735875682203373600,"A bubblegum virtual reality game character based on a stylish rainbow.","highly-anonymous","Caleb"
1267366201082159000,735875682203373600,"A reconstructed spade with the knowledge required to mash computers in a stream of faucets.","highly-anonymous","Caleb"
1267363638379196400,735875682203373600,"A lovecraftian ruby with the knowledge to beat on voles using lemurs.","highly-anonymous","Caleb"
1267361493646966800,735875682203373600,"A brutal mole with the sensibility to touch minivans outside the chamber of magic wands.","highly-anonymous","Caleb"
1267358869128458200,735875682203373600,"A dysfunctional educational game character that is attached to a 64-bit rabbit.","highly-anonymous","Caleb"
1267356173369585700,735875682203373600,"A weaponized simulation game character that appears to be a visible spirit.","highly-anonymous","Caleb"
1267353607520780300,735875682203373600,"A victorian smell in a papery party game of fish.","highly-anonymous","Caleb"
1267351125797240800,735875682203373600,"An icy match-three game character that appears to be a volcanic dancer.","highly-anonymous","Caleb"
1267348831211053000,735875682203373600,"A baked roguelike character relating to an endless teacher.","highly-anonymous","Caleb"
1267346118817517600,735875682203373600,"An angry pineapple with the knowledge of how to steal tiaras from bumblebees in the garden of toys.","highly-anonymous","Caleb"
1267343807374295000,735875682203373600,"A swindling pea in an intergalactic fighting game with a few gas.","highly-anonymous","Caleb"
1267341268532768800,735875682203373600,"A frilly pen with the ability to fart out pandas to feed the hungry overalls.","highly-anonymous","Caleb"
1267338517656502300,735875682203373600,"A green-eyed FPS character that is not related to a toxic mail-carrier.","highly-anonymous","Caleb"
1267335946208501800,735875682203373600,"A cartoon pair of overalls with the talent of being able to load ovens in a chamber of pineapples.","highly-anonymous","Caleb"
1267333459074257000,735875682203373600,"A jelly-boob in an unstoppable  racing game composed of the high elves.","highly-anonymous","Caleb"
1267330948762407000,735875682203373600,"A giant educational game character that behaves in the manner of a jumping corn cob.","highly-anonymous","Caleb"
1267328687751540700,735875682203373600,"A smelly match-three game character based on an alien bug.","highly-anonymous","Caleb"
1267326249162231800,735875682203373600,"A 90's horror game character that is connected to an edible macadamia nut.","highly-anonymous","Caleb"
1267323546772086800,735875682203373600,"An over-zealous pirate with the means to talk to mugs through blueberries.","highly-anonymous","Caleb"
1267320905350422500,735875682203373600,"A scientific goldfish with the means to beat up mail-carriers on a quest to collect all of the chairs.","highly-anonymous","Caleb"
1267318650886897700,735875682203373600,"A multi-layered calculator with the intent to fight against elephants as well as umbrellas.","highly-anonymous","Caleb"
1267315851843326000,735875682203373600,"A hulking humvee with the capacity to keep toothbrushes in order to protect razors.","highly-anonymous","Caleb"
1267279725967274000,248836405,"@BobA1959 I've got my days  mixed up.  I thought it was Friday he was hiding in the bunker.  He went to FL for the… https://t.co/81DtQJAoT9","highly-anonymous","Cody"
1267275385214890000,248836405,"@BobA1959 Is he even there?  Did he come back from Florida yesterday?","highly-anonymous","Cody"
1267275145082626000,248836405,"@JenBenPowers Peace and quiet in Central Oregon.","highly-anonymous","Cody"
1267269631338672000,248836405,"@StephenGlahn @realDonaldTrump Kelly Loeffler of the inside trading caper? That Kelly Loeffler?  She should just keep her mouth shut!","highly-anonymous","Cody"
1267266072052240400,248836405,"@Anti_SS_69 @Edzila @SenMcSallyAZ @CaptMarkKelly will win the US Senate seat from Arizona November 3, 2020!","highly-anonymous","Cody"
1267265233879363600,248836405,"@sarasidnerCNN You are the very best of correspondents right now anywhere.  Thank you for being there so we can know the truth.","highly-anonymous","Cody"
1267372437152379000,1145856742045171700,"Do you see how the guy carrying the dude gives the nod to the other guy like ""yeah grab him"" ??? Wtf https://t.co/H8GnTikacl","highly-anonymous","Cody"
1267229964178534400,1145856742045171700,"Idk what shes sayin anymore","highly-anonymous","Cody"
1267339624931713000,744647298798354400,"@Cory__1077 Thanks for sharing. I desperately needed some humor. At my age, that easily could have been me. Balance… https://t.co/2hEJEh7SLU","highly-anonymous","Cody"
1267301217933246500,744647298798354400,"@MayorJenny Congrats! You are first Idiot to have attained the rank of Mayor in the history of Seattle.","highly-anonymous","Cody"
1267298810243321900,744647298798354400,"@MyPupDaisy @RyanGirdusky @DanaBFrench Some are looking for scapegoats. The cartels, white extremists? Almost anyth… https://t.co/l6XOWJSCYl","highly-anonymous","Cody"
1267297816151376000,744647298798354400,"@RyanGirdusky Rubio was and, by these words, reveals he is still out of his mind.","highly-anonymous","Cody"
1267288063606026200,744647298798354400,"@realDonaldTrump Truer words were never heard. Thanks for your leadership.","highly-anonymous","Cody"
1267258649107329000,744647298798354400,"@bobgaree1 @PJrtx @BIZPACReview Rice is a disciplined liar. A real professional prevaricator.","highly-anonymous","Cody"
1267258242997956600,744647298798354400,"@Rainncloudy @american_damn My one word description of Chis Wallace is “Loathsome","highly-anonymous","Cody"
1267257737911562200,744647298798354400,"@Comey Comey, You are a ridiculous and loathsome piece of work.","highly-anonymous","Cody"
1267245192903417900,744647298798354400,"@realDonaldTrump @nytimes @washingtonpost All of these MSM propagandists surely played a significant role in helpin… https://t.co/ehjCB0QzuM","highly-anonymous","Cody"
1267244063566164000,744647298798354400,"@realDonaldTrump Deservedly so!","highly-anonymous","Cody"
1267222453610111000,744647298798354400,"@dbongino @realDonaldTrump You are saying nothing but the truth. A horrific time in our history.","highly-anonymous","Cody"
1267207265498443800,744647298798354400,"@RepValDemings You are a disgusting individual and horrific politician.","highly-anonymous","Cody"
1267206668405796900,744647298798354400,"@BlondieKAG @man_alive45 What also comes to mind, is the dispicable and abhorrent act of Nancy Pelosi when she defi… https://t.co/GXrysZglh0","highly-anonymous","Cody"
1267205525348864000,744647298798354400,"@BlondieKAG @man_alive45 This is disgusting. Treason!","highly-anonymous","Cody"
1267203656828371000,744647298798354400,"@tucci1925 Like your grandfather, my tough and decorated uncle Mike from Jersey City, New Jersey, who was a warrior… https://t.co/tvSBABh23Q","highly-anonymous","Cody"
1267200430267748400,744647298798354400,"@realDonaldTrump Law and order must be restored.","highly-anonymous","Cody"
1267200101287522300,744647298798354400,"@MichaelCoudrey But for the grace of God, this severely beaten man could have been me or my grandson.","highly-anonymous","Cody"
1267191343119364000,744647298798354400,"@realDonaldTrump The Propaganda of Hate generated by the Democrats and their allies in the MSM, particularly CNN an… https://t.co/dbuFJCWi9f","highly-anonymous","Cody"
1266956747178078200,744647298798354400,"@billmaher Yeah it’s like watching your show where you act like a pervert.","highly-anonymous","Cody"
1266953463541362700,744647298798354400,"@sethrogenvevo You are right about BLM.","highly-anonymous","Cody"
1266953131344015400,744647298798354400,"@AgnesDieter Be safe.","highly-anonymous","Cody"
1266952585430237200,744647298798354400,"@FiveRights You are exactly right Phillip.","highly-anonymous","Cody"
1266901332650127400,744647298798354400,"@rulajebreal The pagans better not get into Trump Towers.","highly-anonymous","Cody"
1266808714528321500,744647298798354400,"@realDonaldTrump @nytimes @washingtonpost Hard to believe but terribly true. Yes, The formulators and those who con… https://t.co/oJnUyh9ZzO","highly-anonymous","Cody"
1266806067922493400,744647298798354400,"@Bobbylan1955R Keep your ears closed to any utterings from the diseased mouth of Donna Brazile.","highly-anonymous","Cody"
1267342371152449500,975556212031811600,"@KEEMSTAR This looks like the white x d-day in cod ww2 had a baby and this is what you get it's just missing tanks","highly-anonymous","Cody"
1267342029455069200,975556212031811600,"@cardboredBoxes @taylorswift13 @realDonaldTrump She can say what she wants you are not her manager KAREN","highly-anonymous","Cody"
1267341595231355000,975556212031811600,"@cardboredBoxes seriously you changed your @. Chose one stay with it","highly-anonymous","Cody"
1267341027599356000,975556212031811600,"@IDyon3 @KEEMSTAR @13Bigghead Yep","highly-anonymous","Cody"
1267340366849749000,975556212031811600,"@KEEMSTAR @13Bigghead Not in the way we expected","highly-anonymous","Cody"
1266907914318631000,975556212031811600,"@BobbyDukeArts Wait https://t.co/FCCdOvlq6u","highly-anonymous","Cody"
1266861893160972300,975556212031811600,"@maxrevs24 @KEEMSTAR I'm allowed an opinion stupid","highly-anonymous","Cody"
1266850702938329000,975556212031811600,"@maxrevs24 @KEEMSTAR Not all esports are dead. But alot are","highly-anonymous","Cody"
1266850642338947000,975556212031811600,"@maxrevs24 @KEEMSTAR Why. Because I thought a genera of game already died. Obviously I dont think all games in that section of games died","highly-anonymous","Cody"
1266850390563336200,975556212031811600,"@ItsMeAndyxo @OveraDakota @andreaajas I know what you meant it just sounded like you kinda hated us is all. That's… https://t.co/aDRpxXfSmK","highly-anonymous","Cody"
1266603109444354000,975556212031811600,"@Qcodemedia will there be a edge of sleep season 2. It was really good and really hope that there will be a second season.","highly-anonymous","Cody"
1266598071733039000,975556212031811600,"@mistrrrmusic @CubeCDM @SnazzyQ Ok","highly-anonymous","Cody"
1266598012572311600,975556212031811600,"@LastMinMiller @FigVzz @KEEMSTAR Its ok","highly-anonymous","Cody"
1266596044412006400,975556212031811600,"@mistrrrmusic @CubeCDM @SnazzyQ That's gonna be really hard because you have to switch everything. Even the little… https://t.co/fxYsvKOGGI","highly-anonymous","Cody"
1266595848118587400,975556212031811600,"@FigVzz @LastMinMiller @KEEMSTAR Oh ok","highly-anonymous","Cody"
1266590671093276700,975556212031811600,"@oliviabenzos I agree with that. But I'm just saying not all of pornhub is bad","highly-anonymous","Cody"
1266590375138988000,975556212031811600,"@LastMinMiller @KEEMSTAR I dont even remember what BO3 means","highly-anonymous","Cody"
1266587671805255700,975556212031811600,"@oliviabenzos Well not all of pornhub is like that. Also it's just very very dark humor","highly-anonymous","Cody"
1266587393508941800,975556212031811600,"@KEEMSTAR Honestly I think esports already died","highly-anonymous","Cody"
1266587286759669800,975556212031811600,"@mistrrrmusic @CubeCDM @SnazzyQ I have once on a @ZacksJerryRig youtube vid","highly-anonymous","Cody"
1266587137337589800,975556212031811600,"@CubeCDM @mistrrrmusic @SnazzyQ What phone did you get next. I switched from my space grey iphone 5s to the samsung… https://t.co/QNAbEVmTPA","highly-anonymous","Cody"
1266586649837871000,975556212031811600,"@mistrrrmusic @CubeCDM @SnazzyQ Rip","highly-anonymous","Cody"
1266586571530219500,975556212031811600,"@ZacksJerryRig @LinusTech Hey","highly-anonymous","Cody"
1266585870246842400,975556212031811600,"@lightbst If I ignore it it's because my entire twitter feed is full of this stuff and I really just want to look a… https://t.co/uqaVVcR7F1","highly-anonymous","Cody"
1266585441815363600,975556212031811600,"@CubeCDM @SnazzyQ No the fact they put a price of literal plastic that did 100% nothing and got rid of the headphon… https://t.co/HYv3UgfqJ2","highly-anonymous","Cody"
1267334012554502100,1241851883821478000,"@vonderleyen @GlblCtzn https://t.co/TV6E2ssu9N","highly-anonymous","Cody"
1267331774264209400,1241851883821478000,"@vonderleyen @GlblCtzn https://t.co/Ljh4kjfvqY","highly-anonymous","Cody"
1267329143777067000,1241851883821478000,"@vonderleyen @GlblCtzn https://t.co/iWjjL26kID","highly-anonymous","Cody"
1267329098054955000,1241851883821478000,"@vonderleyen @GlblCtzn https://t.co/ia2iu0LRVH","highly-anonymous","Cody"
1267326952337100800,1241851883821478000,"@vonderleyen @GlblCtzn https://t.co/TBTriT5wse","highly-anonymous","Cody"
1267325636361642000,1241851883821478000,"@vonderleyen @GlblCtzn https://t.co/sOOOMhuQjb","highly-anonymous","Cody"
1267322971170828300,1241851883821478000,"@vonderleyen @GlblCtzn https://t.co/WGXLLxlSc2","highly-anonymous","Cody"
1267319149258104800,1241851883821478000,"@vonderleyen @GlblCtzn https://t.co/FzdKP67NHz","highly-anonymous","Cody"
1267316442547892200,1241851883821478000,"@vonderleyen @GlblCtzn https://t.co/EYdxe9yHgg","highly-anonymous","Cody"
1267315579506978800,1241851883821478000,"@vonderleyen @GlblCtzn #4YearsAgo: https://t.co/EPGrYUiOX0","highly-anonymous","Cody"
1267314707897045000,1241851883821478000,"@vonderleyen @GlblCtzn “A man wearing...”
https://t.co/DGgqARlzK8","highly-anonymous","Cody"
1267308802044387300,1241851883821478000,"@vonderleyen @GlblCtzn “Neapolis, this is Minneapolis.”
https://t.co/RGFqiEBoIG","highly-anonymous","Cody"
1267303448443117600,1241851883821478000,"@vonderleyen @GlblCtzn https://t.co/7mULVXPJsQ https://t.co/Cy1cgx0YMe","highly-anonymous","Cody"
1267292820613677000,1241851883821478000,"@vonderleyen @GlblCtzn https://t.co/KLQH7FnJzD","highly-anonymous","Cody"
1267291681822437400,1241851883821478000,"@vonderleyen @GlblCtzn https://t.co/KgMKatajYw","highly-anonymous","Cody"
1267290081808707600,1241851883821478000,"@vonderleyen @GlblCtzn https://t.co/rJwiI2uh8Z","highly-anonymous","Cody"
1267289606484983800,1241851883821478000,"@vonderleyen @GlblCtzn https://t.co/vps59M7yKC","highly-anonymous","Cody"
1267285093724405800,1241851883821478000,"@vonderleyen @GlblCtzn https://t.co/XBXxLpDq72","highly-anonymous","Cody"
1267283744282472400,1241851883821478000,"@vonderleyen @GlblCtzn https://t.co/6b78g3jTPc","highly-anonymous","Cody"
1267283237384028200,1241851883821478000,"@vonderleyen @GlblCtzn https://t.co/9QFXRB4yh0","highly-anonymous","Cody"
1267272950949933000,1241851883821478000,"@vonderleyen @GlblCtzn FIN https://t.co/D3w35TQ6HZ","highly-anonymous","Cody"
1267272772104802300,1241851883821478000,"@vonderleyen @GlblCtzn #MasqueDuFer: https://t.co/3hIUsadzPn","highly-anonymous","Cody"
1267271277535879200,1241851883821478000,"@vonderleyen @GlblCtzn Ma carte est blanchée: https://t.co/UygWSqwpA5","highly-anonymous","Cody"
1267260935590178800,1241851883821478000,"@vonderleyen @GlblCtzn Merci, Votre Excellence. https://t.co/oiAvV4DLxU","highly-anonymous","Cody"
1267260246625366000,1241851883821478000,"@vonderleyen @GlblCtzn https://t.co/tHjbPIU01m aime #montréal ❄️ https://t.co/iHStPGPsOf","highly-anonymous","Cody"
1267203896235249700,2899328754,"Giving myself a measure of calm and joy and lots of smiles with tweets tagged  #BlackBirdersWeek -- the first ever,… https://t.co/yUFQbJxzKq","highly-anonymous","Cody"
1267198086595645400,2899328754,"@oJaison wait - what https://t.co/R3l1g8sY1c","highly-anonymous","Cody"
1267277500851208200,946535802988789800,"@KurosagiBlade they think that her whole character is based on wanting to fuck people who have been beaten the shit out of","highly-anonymous","Cody"
1267276360764063700,946535802988789800,"@KurosagiBlade LMFAOOOOO i think toga gets too much crap, she’s a really cool character and i love her fight in mva","highly-anonymous","Cody"
1267275506485022700,946535802988789800,"@KurosagiBlade twice is such a good character that’s why he will always be my favourite no matter what","highly-anonymous","Cody"
1267275234668941300,946535802988789800,"@MagiWasTruClout you don’t have the high ground sorry king","highly-anonymous","Cody"
1267274892547948500,946535802988789800,"@KurosagiBlade fr that half and half thing looks so GOOD","highly-anonymous","Cody"
1267274588410568700,946535802988789800,"@KurosagiBlade idk something like the first sad man’s parade would fit","highly-anonymous","Cody"
1267273984690860000,946535802988789800,"@KurosagiBlade that’s literally any twice image he’s a god","highly-anonymous","Cody"
1267273654683000800,946535802988789800,"@_ReadActAge i’m sorry king","highly-anonymous","Cody"
1267273607291515000,946535802988789800,"@KurosagiBlade i’m a twice cocksucker so ofc i’m gonna say that you should have a twice header but really it’s just up to you","highly-anonymous","Cody"
1267273165115441200,946535802988789800,"@_ReadActAge you knew this would happen","highly-anonymous","Cody"
1267273013688512500,946535802988789800,"@_ReadActAge ❤️ u king","highly-anonymous","Cody"
1267272897577525200,946535802988789800,"@KurosagiBlade man off topic but that’s such a good avi","highly-anonymous","Cody"
1267272594891272200,946535802988789800,"@_ReadActAge honestly jonas you’re one of my favourite people on here","highly-anonymous","Cody"
1267272536179556400,946535802988789800,"@darnumi king","highly-anonymous","Cody"
1267272441526726700,946535802988789800,"neither i’d prefer to play xenoblade chronicles: definitive edition on my nintendo switch https://t.co/OwNL6TgMTf","highly-anonymous","Cody"
1267272255744151600,946535802988789800,"@NoponDigi @BlunZed man how are people this far in already","highly-anonymous","Cody"
1267271976953041000,946535802988789800,"it’s real annoying https://t.co/BQHFNESRCg","highly-anonymous","Cody"
1267271386214654000,946535802988789800,"@KurosagiBlade all of your alters just like fucking with everyone lol","highly-anonymous","Cody"
1267271194321080300,946535802988789800,"@gutsofthesword idk lol i’m bad at english","highly-anonymous","Cody"
1267271060296212500,946535802988789800,"@KurosagiBlade either way no one else gets me as hyper as you do on twitter","highly-anonymous","Cody"
1267270816900792300,946535802988789800,"of course don’t do anything illegal but the DRIVE gives you a high https://t.co/jlFAdC2Mml","highly-anonymous","Cody"
1267270633374744600,946535802988789800,"random bursts of confidence that get you super hyped and make you feel like you can do what the fuck you want and n… https://t.co/PLsWEz9I3e","highly-anonymous","Cody"
1267269764281512000,946535802988789800,"@KurosagiBlade and the fact that you’re ballsy enough to do that is probably the best part","highly-anonymous","Cody"
1267269278375514000,946535802988789800,"@KurosagiBlade laughing just thinking about it honestly you’re such a god","highly-anonymous","Cody"
1267332744545067000,1231965273139212300,"lets go https://t.co/BlclKIV7xu","highly-anonymous","Cody"
1267328896241856500,1231965273139212300,"luc https://t.co/rN8kRpoDi6","highly-anonymous","Cody"
1267325494237659100,1231965273139212300,"tq https://t.co/mdMzd2E2G7","highly-anonymous","Cody"
1267316833952002000,1231965273139212300,"done2 https://t.co/FSqPN629fj","highly-anonymous","Cody"
1267310089301442600,1231965273139212300,"done315 https://t.co/scoTcH8RB1","highly-anonymous","Cody"
1267310081244201000,1231965273139212300,"where you https://t.co/9k8uBeiekx","highly-anonymous","Cody"
1267308181098623000,1231965273139212300,"ready https://t.co/Fbgidi264b","highly-anonymous","Cody"
1267307212227014700,1231965273139212300,"last night dance https://t.co/eNyBqIr2A5","highly-anonymous","Cody"
1267306019585060900,1231965273139212300,"last night2 https://t.co/CzeI8I44Zu","highly-anonymous","Cody"
1267304520914055200,1231965273139212300,"last night https://t.co/dCkzkVvXL5","highly-anonymous","Cody"
1267303042598097000,1231965273139212300,"cloud https://t.co/TMgjTndDVX","highly-anonymous","Cody"
1267302225744769000,1231965273139212300,"morning2 https://t.co/TzpQ3i3Kag","highly-anonymous","Cody"
1267299864485888000,1231965273139212300,"morning https://t.co/eddn5u9roJ","highly-anonymous","Cody"
1267161531835314200,1231965273139212300,"1620 https://t.co/7MQ9R8KBtB","highly-anonymous","Cody"
1267160625785868300,1231965273139212300,"chacha https://t.co/0sj8s8oz8u","highly-anonymous","Cody"
1267152888997900300,1231965273139212300,"3- https://t.co/ucjfPCJ8Il","highly-anonymous","Cody"
1267152566585942000,1231965273139212300,"https://t.co/HVl3DG7Cun","highly-anonymous","Cody"
1267140490438180900,1231965273139212300,"https://t.co/3mSaOZR350","highly-anonymous","Cody"
1267137110076649500,1231965273139212300,"https://t.co/JSEpRaFNT5","highly-anonymous","Cody"
1267136982439714800,1231965273139212300,"lets start puffing https://t.co/PMbxVIjk28","highly-anonymous","Cody"
1267131495988080600,1231965273139212300,"tanya yg tengah tu duit raya yg curi bnyk dak..tah tah dah jutawan pa ..jgn jd taktahawan sudah la nnty msuk tgjung… https://t.co/K66XFCdt2Y","highly-anonymous","Cody"
1267101287306289200,1231965273139212300,"aq https://t.co/dAeIc9mUNn","highly-anonymous","Cody"
1267074029501833200,1231965273139212300,"https://t.co/C4oUpcIewe","highly-anonymous","Cody"
1267070132729213000,1231965273139212300,"huhu https://t.co/J0lQYJjKdJ","highly-anonymous","Cody"
1266163595047559200,1095750852315353100,"@BigBoiGrizzzly That’s why you should stay inside and grind apex with me then you don’t have to worry about the wor… https://t.co/ZleITKJIiY","highly-anonymous","Cody"
1265773438230311000,1095750852315353100,"You miss his touch,
the way his hands held you,
the way his lips became one with yours,
the way the lust swelled in… https://t.co/i1htKKztIu","highly-anonymous","Cody"
1265769896480329700,1095750852315353100,"Big Dick Roze in the house 😘 https://t.co/E4kXpSCvzI","highly-anonymous","Cody"
1264199645112213500,1095750852315353100,"Good morning cuties 💖","highly-anonymous","Cody"
1261972140590596000,1095750852315353100,"I had a great stream! I love you all for coming 🥺❤️","highly-anonymous","Cody"
1261489990611107800,1095750852315353100,"Hey y’all should like, come and hangout with me on this beautiful Friday night ❤️🙂 

https://t.co/bC5WQ3EaKi","highly-anonymous","Cody"
1258215422190596000,1095750852315353100,"ITS TIME 😤
Get in here babbyyyyyyy 💜 

https://t.co/bC5WQ3EaKi","highly-anonymous","Cody"
1257454804663783400,1095750852315353100,"MY MERCY IS BACK 🥺🥺🥺🥺🥺 Come hangout MOFO ❤️ 

https://t.co/bC5WQ3EaKi","highly-anonymous","Cody"
1256366623281332200,1095750852315353100,"It’s grind time babyyyyyyyyyyy 💜
https://t.co/bC5WQ3EaKi","highly-anonymous","Cody"
1254806459658973200,1095750852315353100,"@Mr_Wright125 ah ha ha https://t.co/ZAhBC3endm","highly-anonymous","Cody"
1254805660933533700,1095750852315353100,"I actually woke up early and worked out 😯","highly-anonymous","Cody"
1252790915443437600,1095750852315353100,"Did you not like my Overwatch plays? @NICKMERCS 😐","highly-anonymous","Cody"
1252504995028754400,1095750852315353100,"@TwurPP i miss it 😭🥺","highly-anonymous","Cody"
1252316470073274400,1095750852315353100,"Playing wagers with @TwurPP 😄 

Come stop by and say WASSUPPPP BABYYYYY 💜 
 https://t.co/bC5WQ3EaKi","highly-anonymous","Cody"
1251847501034000400,1095750852315353100,"i DiEd bY hAcKeRs https://t.co/g40GoHBONx","highly-anonymous","Cody"
1251760679100522500,1095750852315353100,"@CLARBINX i’m sorry 🥺 i’ll stream all night and day so you can see the stream I GOTCHA HAHAHAH 😈","highly-anonymous","Cody"
1251756058420416500,1095750852315353100,"Washed up Mercy
Come make fun of my gameplay 🥺https://t.co/bC5WQ3EaKi","highly-anonymous","Cody"
1250996799520813000,1095750852315353100,"Stop being a bitch","highly-anonymous","Cody"
1250026038962327600,1095750852315353100,"I love streaming and everyone that supports me ❤️","highly-anonymous","Cody"
1248790036088328200,1095750852315353100,"Warzone and Chill 
❤️ 
Come and say hi 
https://t.co/bC5WQ3EaKi","highly-anonymous","Cody"
1248114802540626000,1095750852315353100,"@TwurPP @Storiiez ezzz claps i’m waking up at 12 tomorrow 👏🏻","highly-anonymous","Cody"
1267288822297112600,898896908,"@SamuelHHoward @ohitchcock Say what, no comments about drug dealers, gang bangers nor your overall plan to make thi… https://t.co/DHn5QbWMi6","highly-anonymous","Cody"
1267287716124921900,898896908,"@ohitchcock These people should have been put down in any fashion, impeding traffic is illegal and what about my fr… https://t.co/zsOoFKirql","highly-anonymous","Cody"
1267271734668996600,898896908,"@RealBrysonGray @SickOfTheSwamp Excellent!!","highly-anonymous","Cody"
1267242828830212000,898896908,"@torii_kellyy @EricMoo91919605 The male shop owner has no Gonads, runs inside as his wife is assaulted!!!","highly-anonymous","Cody"
1267238942778241000,898896908,"@MikeTrimWPTV @wptvtraffic @WPTV @Chopper5WPTV What the Fuck is wrong with the Police, the criminals have no right blocking traffic!!!","highly-anonymous","Cody"
1267238304564551700,898896908,"Where are the Police???","highly-anonymous","Cody"
1267237064724156400,898896908,"@OrwellNGoode @PaulObrienUSA These criminals should be very proud!!","highly-anonymous","Cody"
1267218866851270700,898896908,"Looters &amp; Arsonists 39 Police “0” I thought Police Had Gonads, but I was wrong!!!","highly-anonymous","Cody"
1267206750664523800,898896908,"It’s a real shame that the Police no longer have Gonads and sit back, runaway and let these Thugs rule the pavement… https://t.co/07hmEpFNGs","highly-anonymous","Cody"
1267291700176683000,89448438,"Riwayat perjalanan dibikin bercanda kan gw bingung skr pulang apa ngga 💩","highly-anonymous","Cody"
1267229131076329500,89448438,"Bilang aja kalo emang batuk kenapasi 🙂🙂","highly-anonymous","Cody"
1267187431263985700,89448438,"Wkwk jadi bikin playlistnya 😜
https://t.co/diqYGlxn8u","highly-anonymous","Cody"
1267186602012373000,89448438,"Saraf sama THT masih belom inget apa yg memorable 🤔","highly-anonymous","Cody"
1267186430444355600,89448438,"Interna sama mata ga ada soalnya itu lg suka2nya dengerin Murotal selama perjalanan jkt-cianjur dan jkt-sukabumi we… https://t.co/5D985mSXPQ","highly-anonymous","Cody"
1267185578098843600,89448438,"UKMPPD. Ini lagunya mulai ngehype bareng si New Rules deh kayanya. Tapi masih tetep jadi favorit sampe beres ukdi.
https://t.co/bpJrkXlBHD","highly-anonymous","Cody"
1267185087428259800,89448438,"Ikakom II Rengas. Haaaa ini si iconic bgt pas itu. Pagi2 denger dgitm pasti nih Dua Lipa kedengeran terus 😂
https://t.co/FOVXAH4ffQ","highly-anonymous","Cody"
1267183603944878000,89448438,"Kulit Bunut. Gatau kenapa lgu ini sering didengerin dulu 🤔 Ini sama Attention.
https://t.co/77jn6Wj2IY","highly-anonymous","Cody"
1267182805701681200,89448438,"Forensik Polri. Lagi seneng aja ama lagu ini dulu. Pulang jaga pasti dengerinnya ini pas mandi 😅 Kayanya karena lag… https://t.co/mUKCjesNls","highly-anonymous","Cody"
1267181393907335200,89448438,"Bedah Cemput. Lagi binge watching drama ini. Ada satu lagi sebenernya. Versace On The Floor haha simply karena lagi… https://t.co/sFe8I3LODA","highly-anonymous","Cody"
1267179944070664200,89448438,"Anestesi Sekarwangi. Pas lagi binge watching drama ini 😁 Lagunya happy sih tapi koasnya ga happy at all 😩 Yg paling… https://t.co/EIX6lfHJOW","highly-anonymous","Cody"
1267178961676558300,89448438,"Pediatri Banjar. Sebenernya ga ini doang. Semua lagu Tulus di album ini pokonya bikos di mobil temen yg sering dipa… https://t.co/FW6HTJy2ov","highly-anonymous","Cody"
1267178151043448800,89448438,"Obgyn Pondok Kopi. Stase ending dubia ad bonam tapi prosesnya malam 😂 masih cupu bgt stase ke2 kudu beradaptasi den… https://t.co/NhDEmKMxxS","highly-anonymous","Cody"
1267177147119972400,89448438,"Ikakom I Puskesmas Banjar. Stase ini sering bgt jalan2. Pas lagu ini lagi hype2nya. Selama di perjalanan, lagu ini… https://t.co/YqFuPRqIa8","highly-anonymous","Cody"
1267174653937586200,89448438,"Hhhhhh masih tetep cry nonton favorite part ini 😭😭😭 https://t.co/HexPe8MhAE","highly-anonymous","Cody"
1267088337321390000,89448438,"@ramadhanians @nrabdilla Wkwk miniso yg harusnya makasih ke gw 🤣🤣","highly-anonymous","Cody"
1267062470985670700,89448438,"Seneng juga dulu hampir tiap pindah stase ada drakor, film, atau lagu yg memorable. Sekarang kalo dengerin ost nya… https://t.co/y3BJK8aaLU","highly-anonymous","Cody"
1267056502121967600,89448438,"@ramadhanians @nrabdilla Buibu coba cek sopinya miniso. Kmrn gw liat diskon cuma 50ish udah sama bambunya. Ada vani… https://t.co/jHg38SwahA","highly-anonymous","Cody"
1267051063015641000,89448438,"@monicaa_dr Haaa masa si mon? 🤣","highly-anonymous","Cody"
1267050911882342400,89448438,"@Lhan_wulan Oooo wkwk, skr gmn ul?","highly-anonymous","Cody"
1267048912004640800,89448438,"Shin Min Ah and Lee Je Hoon 🥺 their chemistry is on point 👌
If u like TKEM, you'll like this as well. Tho for me pe… https://t.co/U2iHtuxRvC","highly-anonymous","Cody"
1267048894162071600,89448438,"Currently binge (re)watching Tomorrow With You. Now I remember that this one scene has (kinda) shaped my thoughts o… https://t.co/6ejlhTf1gh","highly-anonymous","Cody"
1266995210896064500,89448438,"@Lhan_wulan Criiiii 😭 udah beres puasa udh ga tt lg ul? Apa krn dehidrasi 😅","highly-anonymous","Cody"
1266992416906604500,89448438,"Impulsif dan random banget tiba2 beli sabun 😬","highly-anonymous","Cody"
1267351585862021000,833092955149914100,"‼️‼️‼️ GO GO GO https://t.co/cGFRhgiiv4","highly-anonymous","Cody"
1267351449970720800,833092955149914100,"@jaeminkooks happy birthday!!","highly-anonymous","Cody"
1267348757634363400,833092955149914100,"happy pride month!!! keep fighting for justice and for what is good!! keep screaming for those who can’t do it!!","highly-anonymous","Cody"
1267326314555433000,833092955149914100,"en serio que le pasaba. https://t.co/sQY4caa1BJ","highly-anonymous","Cody"
1267260054836658200,833092955149914100,"just saw what happened on weverse and fuck people really can be evil and selfish. what is happening right now is a… https://t.co/4b3gKD3a4g","highly-anonymous","Cody"
1267162184095658000,833092955149914100,"i’m sorry i think i won’t be here today because i really don’t feel good and i have some things to do but i’ll keep… https://t.co/N6HzbXMIwv","highly-anonymous","Cody"
1266924567731204000,833092955149914100,"i’m sorry for being ia today i’ve been really sick lately but i’m here to sing petitions and help everybody! stay s… https://t.co/raGbKirJ9V","highly-anonymous","Cody"
1258897573529686000,1118370004326604800,"@_Yumekii_ yer","highly-anonymous","Caleb"
1258769757131677700,1118370004326604800,"@tiffanyxmilktea @pinkuuux @PrincessSarahYT If you want my mother hospital records I would gladly send them to you","highly-anonymous","Caleb"
1258769410464104400,1118370004326604800,"@tiffanyxmilktea @pinkuuux @PrincessSarahYT Really not if I was I would say I’m mother is going to die from covid-19","highly-anonymous","Caleb"
1258768899069354000,1118370004326604800,"@tiffanyxmilktea @pinkuuux @PrincessSarahYT Two*","highly-anonymous","Caleb"
1258768836142207000,1118370004326604800,"@tiffanyxmilktea @pinkuuux @PrincessSarahYT Lmao I’m not about go back in forth with to children I have to take car… https://t.co/3JpkYgVu3k","highly-anonymous","Caleb"
1258768443115024400,1118370004326604800,"@tiffanyxmilktea @pinkuuux @PrincessSarahYT Mk I’m not going to be rude or keeping going back and forth I have a mo… https://t.co/shyyyuhlNa","highly-anonymous","Caleb"
1258768259282874400,1118370004326604800,"@pinkuuux @tiffanyxmilktea @PrincessSarahYT Mk","highly-anonymous","Caleb"
1258767322698973200,1118370004326604800,"@pinkuuux @tiffanyxmilktea @PrincessSarahYT I’m just say you guys r attacking her when she said sorry she suffered… https://t.co/XUQCnCI382","highly-anonymous","Caleb"
1258766816811331600,1118370004326604800,"@tiffanyxmilktea @PrincessSarahYT Because answer the question she scammed her fans and yet everyone accepted her apology","highly-anonymous","Caleb"
1258758042574864400,1118370004326604800,"@tiffanyxmilktea @PrincessSarahYT Do you like ima gamer girl?","highly-anonymous","Caleb"
1258757842292572200,1118370004326604800,"@RHScamReturn I’ve sent a request","highly-anonymous","Caleb"
1258757647991550000,1118370004326604800,"@RHScamReturn gamingirlpretty","highly-anonymous","Caleb"
1258757386380161000,1118370004326604800,"@tiffanyxmilktea @PrincessSarahYT But you just said she deserves it. are you smart?","highly-anonymous","Caleb"
1258757195031818200,1118370004326604800,"@tiffanyxmilktea @PrincessSarahYT Yes what she did was wrong but she’s human just like the rest of us.","highly-anonymous","Caleb"
1258756962323398700,1118370004326604800,"@tiffanyxmilktea @PrincessSarahYT Ok so telling someone to kill themselves is okay telling someone they should die… https://t.co/qJuDfuZ4nZ","highly-anonymous","Caleb"
1258756125702447000,1118370004326604800,"@RHScamReturn I can give you 10k rn","highly-anonymous","Caleb"
1258755564831682600,1118370004326604800,"@tiffanyxmilktea @PrincessSarahYT That you see but as a person who been in a scandal like this you don’t know what… https://t.co/SKd5yIMYvY","highly-anonymous","Caleb"
1258750781534212000,1118370004326604800,"@OracleMoonlight Right it does go with it but it’s pretty","highly-anonymous","Caleb"
1258749517530366000,1118370004326604800,"@tiffanyxmilktea @PrincessSarahYT Right and she literally went out her way to apologize in every way!","highly-anonymous","Caleb"
1258745035375423500,1118370004326604800,"@PrincessSarahYT Star*","highly-anonymous","Caleb"
1258744708395864000,1118370004326604800,"@PrincessSarahYT You guys in the comments are legit the people who say they’re more than one side of the story so what’s up now？","highly-anonymous","Caleb"
1258744236071104500,1118370004326604800,"@tiffanyxmilktea @PrincessSarahYT I’m not of fan of her nor the other girl but she said sorry and for an example if… https://t.co/YVGbLrmrzL","highly-anonymous","Caleb"
1258544260682408000,1118370004326604800,"@KenAiriLuv Yes her fans are attacking you but ur started first bbg.😗","highly-anonymous","Caleb"
1258544011893043200,1118370004326604800,"@KenAiriLuv I’m not a fan of you or Sarah but you both got to stop this is not cute nor funny!!! And you keep expos… https://t.co/sU4VdQGzTh","highly-anonymous","Caleb"
1258527932382765000,1118370004326604800,"Pls report @Mochipillows for scamming my winter halo 2018!! #royalehightrades #royalehightrading #RoyaleHighHalo… https://t.co/x3yCwhm6t0","highly-anonymous","Caleb"
1267315788534493200,45824084,"Original video link https://t.co/U5VKaGmUiY

Pigs #ACAB #ACAB2020 https://t.co/vc5ywnZcgY","highly-anonymous","Caleb"
1267301858328092700,45824084,"Holy shit! Only in PA  #Philadelphia #phillyprotest https://t.co/IxXkTh4BYx","highly-anonymous","Caleb"
1267265770523893800,45824084,"@JulieSmithM This woman is enraging me. How tf obtuse does someone have to be to not understand?!?!?! She needs to… https://t.co/xocMNagFIt","highly-anonymous","Caleb"
1267263946727264300,45824084,"@flyingless @powrdragn Similar here, I grew up in the same era. It was 1970 NYC and my kindergarten teacher was bla… https://t.co/ttX1f13ZB5","highly-anonymous","Caleb"
1267263014480330800,45824084,"@powrdragn Kindergarten, in 1970","highly-anonymous","Caleb"
1267181032857579500,45824084,"@bourgeoisalien @makbrown_99 But she’s paging the FBI, whatever will we do 🤣","highly-anonymous","Caleb"
1267180528140255200,45824084,"@makbrown_99 @bourgeoisalien Oh you broke 😂🤣🤡","highly-anonymous","Caleb"
1267180401568727000,45824084,"@bourgeoisalien @makbrown_99 Doesn’t show the tendency but I’ll take your word for it","highly-anonymous","Caleb"
1267180171376951300,45824084,"@Jaxon95228411 @bourgeoisalien That’s what you think, bot","highly-anonymous","Caleb"
1267179872138547200,45824084,"“I’m a tEeN” 🙄🤣🤷🏻‍♀️🤦🏻‍♀️ https://t.co/MFEQvBkVu7 https://t.co/U2uMw3td2A","highly-anonymous","Caleb"
1267179549437104000,45824084,"@Jaxon95228411 @bourgeoisalien Not a bot","highly-anonymous","Caleb"
1267179276136218600,45824084,"@makbrown_99 @bourgeoisalien 🤷🏻‍♀️🤦🏻‍♀️ https://t.co/7UMdyoL1ym","highly-anonymous","Caleb"
1267179164030943200,45824084,"@makbrown_99 @bourgeoisalien You’re 21, maybe stop k","highly-anonymous","Caleb"
1267178306715205600,45824084,"@ShadyFoxx @baconelf @davidcrosss Doesn’t look orange 😂 https://t.co/Q88WyHlemX","highly-anonymous","Caleb"
1267176914600497200,45824084,"@MAGAMAN1992 @bourgeoisalien @realDonaldTrump @FBI Antifa here too","highly-anonymous","Caleb"
1267175599631749000,45824084,"@ScottGWrites @bourgeoisalien Inborn 😂","highly-anonymous","Caleb"
1267175434288062500,45824084,"@johnulzheimer @MAGAMAN1992 @bourgeoisalien @realDonaldTrump @FBI Okay blue check 😂🤣🤡","highly-anonymous","Caleb"
1267171094529814500,45824084,"BS https://t.co/7qK9TkZdyA","highly-anonymous","Caleb"
1267169810485579800,45824084,"@mercedeslynn008 @maskohkissed @MrAndyNgo Nah that’s you 😂🤣🤪 https://t.co/E8Q3q1nFQF","highly-anonymous","Caleb"
1267166681207627800,45824084,"@DolphinsFan103 @sammiecoop27 @SlayLikeLey @LynnWilson111 @KellBel20940682 @joncoopertweets Okay lib 😂🤣","highly-anonymous","Caleb"
1267355496954159000,1001567371377676300,"@MapleCatArt I'm sorry 😔💜","highly-anonymous","Caleb"
1267262074125770800,1001567371377676300,"@StreamElements https://t.co/M2bkXzGAUA We basically support LGBTQIA+ every day with being yourself and being every… https://t.co/HZIUy74R53","highly-anonymous","Caleb"
1267261501590646800,1001567371377676300,"@Lithaya @nateh1280 Nate is awesome","highly-anonymous","Caleb"
1267246303035211800,1001567371377676300,"2/2

We watched Tom of Finland followed by Stonewall which were both very educational and poetic too. I'm not one f… https://t.co/zonDu0kOVk","highly-anonymous","Caleb"
1267246300866793500,1001567371377676300,"Day 12 of smiles

I may have been too exhausted/busy/overwhelmed to capture a smoke yesterday

My eyes burn, my hea… https://t.co/mAKQRwUGLp","highly-anonymous","Caleb"
1267164151836823600,1001567371377676300,"@CloneKorp @emilySarah93 This is too lewd for my Twitter feed","highly-anonymous","Caleb"
1267114736572698600,1001567371377676300,"💜We’re live &amp; chilling!💚

❤️Maybe some ACNH but some catch up time after such a crazy amazing incredible party last… https://t.co/UYkoZdjB9I","highly-anonymous","Caleb"
1267055271765053400,1001567371377676300,"@Naysy 😱 It's uncanny","highly-anonymous","Caleb"
1266997511090290700,1001567371377676300,"@Naysy Oh my!","highly-anonymous","Caleb"
1266997436423127000,1001567371377676300,"2/2

We had our first 100 sub bomb and the adrenaline crash was intense by the end of the stream

We have 1 Switch… https://t.co/7JVYbeob3s","highly-anonymous","Caleb"
1266997434976292900,1001567371377676300,"I'll never stop having no expectations for anything

Only hope for the minimal tech issues and things going wrong… https://t.co/zRwNGQTi6l","highly-anonymous","Caleb"
1266996116140306400,1001567371377676300,"Sunday the 7th of June 2-5pm BST/UTC+1 I am taking part in raising money for @gwguk with 11 awesome streamers!

Che… https://t.co/YhXOS9tAwl","highly-anonymous","Caleb"
1266792918825795600,1001567371377676300,"💜We’re live with our 2 year Streamiversary!💚

❤️Jackbox, Marbles, Twitch Sings! Oh and giving away 5 Switch Lite’s,… https://t.co/cX6NoiDxBh","highly-anonymous","Caleb"
1266770864252559400,1001567371377676300,"@nosloves Yess! One of us!!","highly-anonymous","Caleb"
1266770786775371800,1001567371377676300,"@BearahTheSarah @FlyinboltsT Happy Birthday!!!","highly-anonymous","Caleb"
1266722645405577200,1001567371377676300,"This awesome dude is challenging themselves in the name of charity by doing 6 hours of drumming!!

He has always im… https://t.co/uYMNupR6ms","highly-anonymous","Caleb"
1266722151815680000,1001567371377676300,"@JynxieRose Name them xD","highly-anonymous","Caleb"
1266695458967228400,1001567371377676300,"@Naysy Woah! That looks great! Trying out done maul huh?","highly-anonymous","Caleb"
1266680024159023000,1001567371377676300,"People keep burying hamsters on my island or send them to me or even hide them... D:

 #AnimalCrossing #ACNH… https://t.co/xxnaIvKP3v","highly-anonymous","Caleb"
1266663351486222300,1001567371377676300,"This

All the time

Don't be blinded

You can always help others even by simply checking up on someone

Goodwill go… https://t.co/QdhipTZn8i","highly-anonymous","Caleb"
1266631194424246300,1001567371377676300,"@RyuTheRed Happy Birthday!!","highly-anonymous","Caleb"
1266619651607466000,1001567371377676300,"Wheeeee!

Final promo images are done!

The spinner for finding out the 5 Switch Lite winners looks AMAZING

And he… https://t.co/NhTalFPSFY","highly-anonymous","Caleb"
1266503952524357600,1001567371377676300,"Are you ready for a very fun 2 year Streamiversary tomorrow at 7pm BST/UTC+1?

Giving away 5 Switch Lite's (See pin… https://t.co/XVnx4bCvkk","highly-anonymous","Caleb"
1266372987407659000,1001567371377676300,"💜We’re live with Beat Saber💚

❤️2 Streamgifts to open! Important Stream updates! Taking stress out on blocks. Short… https://t.co/r59xSVQRWn","highly-anonymous","Caleb"
1260339428641222700,972827018524999700,"@acesu yup. naturally bro.
Country just wants us to obey.","highly-anonymous","Caleb"
1257895003407282200,972827018524999700,"@acesu LMFAOOOOOO","highly-anonymous","Caleb"
1257609846922203100,972827018524999700,"@anime_kaguya なまこの内臓じゃないですか！！","highly-anonymous","Caleb"
1256238088164016000,972827018524999700,"@H_KANNA_0203 FPSデビューしようよ！","highly-anonymous","Caleb"
1256237868927733800,972827018524999700,"@H_KANNA_0203 エ、エーペックスだって？？！！
あなたの口からエーペックスが出てくるとは…","highly-anonymous","Caleb"
1251936373314998300,972827018524999700,"@thew6rst @ichika_mo oh my... 
this is fucking good collaboration🔥🔥
Somehow it feels like Ghibli code...","highly-anonymous","Caleb"
1250324731082883000,972827018524999700,"@TakayoshiOhmura 藤岡ニュアンスやー","highly-anonymous","Caleb"
1249698315244990500,972827018524999700,"@BassistBOH なんですかこれは。","highly-anonymous","Caleb"
1248989617547645000,972827018524999700,"@akasaka_aka 最高だった！","highly-anonymous","Caleb"
1248790040295047200,972827018524999700,"@acesu holy crap...","highly-anonymous","Caleb"
1248761470575202300,972827018524999700,"@akasaka_aka もちろんかぐやは一生続きますよね？！","highly-anonymous","Caleb"
1248586278888550400,972827018524999700,"@TakayoshiOhmura まじ変態。","highly-anonymous","Caleb"
1248209394988277800,972827018524999700,"@kaguya_comic @akasaka_aka 表紙めちゃ良い","highly-anonymous","Caleb"
1248150951329845200,972827018524999700,"@sugales_noah えっちじゃん。","highly-anonymous","Caleb"
1240577637040312300,972827018524999700,"@anime_kaguya PV詐欺とは言わせない","highly-anonymous","Caleb"
1239611003005849600,972827018524999700,"@thew6rst hot","highly-anonymous","Caleb"
1224767115057516500,972827018524999700,"@livedoornews クラウドファンディングで追加資金100億集めるのでこれも作ってください(自己願望) https://t.co/6kYTTmESKJ","highly-anonymous","Caleb"
1217192931477475300,972827018524999700,"I had felt before,The beat and sound effects excluding the guitar riff have a shape similar to future bass.However… https://t.co/cmny8nwjMH","highly-anonymous","Caleb"
1267359080923803600,2904136539,"@airamavilab Dude same!! The amount of people I had to dissociate from on all social media platform is crazy! Racis… https://t.co/VOeAyIGoK1","highly-anonymous","Caleb"
1263227636240744400,1155566497907052500,"@yunaswrld i wanna know HOW this keeps happening to u","highly-anonymous","Caleb"
1262821555828072400,1155566497907052500,"why do people think it’s cute and quirky to be mean and problematic that’s so ugly","highly-anonymous","Caleb"
1262708872512495600,1155566497907052500,"how did they know abt my perfume addiction https://t.co/7jHCi1slDg","highly-anonymous","Caleb"
1262196183163945000,1155566497907052500,"@taeshappines 💆🏻😔🤩😋😌😚💝😊💜💕🥺😳😘🧚‍♀️👉🏼👈🏼✊🏼✨💫🤢👑🤯💀😡☠️🌈👃👆🏼👃🏼💓","highly-anonymous","Caleb"
1261907242758144000,1155566497907052500,"what is up w boys sending revealing pics saying “come over” how tf do u respond to that is that supposed to be flirty","highly-anonymous","Caleb"
1261894446922240000,1155566497907052500,"should i drop my friends for not following the rules of self quarantine","highly-anonymous","Caleb"
1261891531641847800,1155566497907052500,"businesses reopening is not an ok to hang out with your friends it just means we’re going broke💆🏻","highly-anonymous","Caleb"
1261887852968906800,1155566497907052500,"some of my classmates are literally going to the beach and having parties rn what part of stay inside do they not understand","highly-anonymous","Caleb"
1261845733269024800,1155566497907052500,"last episode of the simpsons is may 17, 2020 so basically the world is ending and i’m thinkin it’s gonna be during the 127 concert 😋","highly-anonymous","Caleb"
1261829408425414700,1155566497907052500,"why is that hitting your boyfriend trend a thing that’s so mean:(","highly-anonymous","Caleb"
1261706211226980400,1155566497907052500,"i wanna be vera wang when i grow up","highly-anonymous","Caleb"
1261560868342562800,1155566497907052500,"janae literally got everyone in the web haunted i hate her","highly-anonymous","Caleb"
1261557402933092400,1155566497907052500,"@ateezbfs annoyingly cute:(","highly-anonymous","Caleb"
1261550562342056000,1155566497907052500,"@zaldow https://t.co/uqUIqcAMu0","highly-anonymous","Caleb"
1261550060795580400,1155566497907052500,"what if we moved to myspace","highly-anonymous","Caleb"
1261549404118569000,1155566497907052500,"@yeosangi ILY KISSES💝💝","highly-anonymous","Caleb"
1261548888479146000,1155566497907052500,"@yeosangi HAHA NOO it’s okay bubs i just like being dramatic https://t.co/0Gbq8p5MMt","highly-anonymous","Caleb"
1261548339696480300,1155566497907052500,"@yeosangi trinh as choppedliver!au https://t.co/5PWz5jfMrZ","highly-anonymous","Caleb"
1261547933490712600,1155566497907052500,"@zaldow is THIS our first date?:/","highly-anonymous","Caleb"
1261545716561952800,1155566497907052500,"cj is so funny can twitter pls give her her main acc back","highly-anonymous","Caleb"
1267377528101978000,2778003676,"What's your favorite flying fortress level? #LevelBot","highly-anonymous","Caleb"
1267369975590776800,2778003676,"RT for City Escape! #LevelBot","highly-anonymous","Caleb"
1267362423616401400,2778003676,"RT for Wild Canyon! #LevelBot","highly-anonymous","Caleb"
1267354887580336000,2778003676,"RT for Sky Road (Sonic Lost World)! #LevelBot","highly-anonymous","Caleb"
1267332234568032300,2778003676,"RT for Mad Matrix! #LevelBot","highly-anonymous","Caleb"
1267309585414512600,2778003676,"RT for Speed Highway! #LevelBot","highly-anonymous","Caleb"
1267286924986683400,2778003676,"RT for White Jungle! #LevelBot","highly-anonymous","Caleb"
1267279379425452000,2778003676,"RT for Black Comet! #LevelBot","highly-anonymous","Caleb"
1267271825530032000,2778003676,"RT for Cosmic Wall! #LevelBot","highly-anonymous","Caleb"
1267264279461286000,2778003676,"RT for Windmill Isle! #LevelBot","highly-anonymous","Caleb"
1267256728543879200,2778003676,"RT for Metallic Madness Zone! #LevelBot","highly-anonymous","Caleb"
1267241628952977400,2778003676,"What's your favorite Eggman factory level? #LevelBot","highly-anonymous","Caleb"
1267234078534668300,2778003676,"RT for Hidden Base! #LevelBot","highly-anonymous","Caleb"
1267226528615547000,2778003676,"RT for Lost Impact! #LevelBot","highly-anonymous","Caleb"
1267219077493223400,2778003676,"RT for Flame Core! #LevelBot","highly-anonymous","Caleb"
1267211439833444400,2778003676,"RT for Pumpkin Hill! #LevelBot","highly-anonymous","Caleb"
1267203876685414400,2778003676,"RT for Launch Base Zone! #LevelBot","highly-anonymous","Caleb"
1267196331405107200,2778003676,"RT for Twinkle Park! #LevelBot","highly-anonymous","Caleb"
1267188785592144000,2778003676,"RT for Tropical Jungle! #LevelBot","highly-anonymous","Caleb"
1267181288865202200,2778003676,"RT for The ARK! #LevelBot","highly-anonymous","Caleb"
1267151029826490400,2778003676,"What's your favorite jungle level? #LevelBot","highly-anonymous","Caleb"
1267143483233415200,2778003676,"RT for White Acropolis! #LevelBot","highly-anonymous","Caleb"
1267135928708984800,2778003676,"RT for Crazy Gadget! #LevelBot","highly-anonymous","Caleb"
1267128396028407800,2778003676,"RT for Chemical Plant Zone! #LevelBot","highly-anonymous","Caleb"
1267105731511124000,2778003676,"RT for Casino Park/BINGO Highway! #LevelBot","highly-anonymous","Caleb"
1267336686846922800,351495084,"@CassandraRules It's all been explained to you dozens of times over the last 24-36 hrs Cassandra.

It appears you m… https://t.co/toLpeuUVVv","highly-anonymous","Caleb"
1267329889079705600,351495084,"Since discovered it's 432 since 2008! https://t.co/oFL4xl0gO5","highly-anonymous","Caleb"
1267327630157574100,351495084,"@JmarrMarr No effing way.","highly-anonymous","Caleb"
1267323825080856600,351495084,"@HonTonyAbbott Go suck a dick you scumbag.","highly-anonymous","Caleb"
1267309081460486100,351495084,"@IshmailSaboor So sorry to hear he felt he needed to ask such a thing.  We're all thinking of you here in Australia… https://t.co/urfDIErppn","highly-anonymous","Caleb"
1267307212109578200,351495084,"@nathansparkling Scotland is not America.","highly-anonymous","Caleb"
1267300658392076300,351495084,"@MayorJenny Yeah..in police uniforms.","highly-anonymous","Caleb"
1267244992407302100,351495084,"@hatfield0729 @zmondaine592 @BarbMcQuade @drjerry65 You want a straw for that Kool-aid?","highly-anonymous","Caleb"
1267244828498096000,351495084,"@astro_knot78 @hatfield0729 @zmondaine592 But it's ok cos she's a proud American. 🙄","highly-anonymous","Caleb"
1267232262208143400,351495084,"@MFzcyu3Wnds6QoO @AbnormalUSA @BarbMcQuade That is what the Nazis said. Idiot. Grow up and all you clowns 'liking'… https://t.co/dxC8UklKAP","highly-anonymous","Caleb"
1267227032636686300,351495084,"@AlboMP Why aren't you talking in terms of charges being laid against him?

We're all sick of this fucking corrupti… https://t.co/XNPaFFpNMb","highly-anonymous","Caleb"
1267214263749275600,351495084,"@MFzcyu3Wnds6QoO @AbnormalUSA @BarbMcQuade Your mummy &amp; daddy taught you there is a god? Why?...because their mummy… https://t.co/SnbhAQWkbx","highly-anonymous","Caleb"
1267211389690450000,351495084,"@MFzcyu3Wnds6QoO @AbnormalUSA @BarbMcQuade Well? Who taught you there is a god?","highly-anonymous","Caleb"
1267210811333722000,351495084,"@MFzcyu3Wnds6QoO @AbnormalUSA @BarbMcQuade Who taught you there is a god?","highly-anonymous","Caleb"
1267207558730641400,351495084,"@MFzcyu3Wnds6QoO @AbnormalUSA @BarbMcQuade Lol. I know. Except for the silly god bit. There are no gods. Grow up.","highly-anonymous","Caleb"
1267204770583859200,351495084,"@MFzcyu3Wnds6QoO @AbnormalUSA @BarbMcQuade My tweet was a joke, relax.

There are no gods.","highly-anonymous","Caleb"
1267225446317506600,1234311397716172800,"We need more of him! Thank u to this man! https://t.co/8DsjnHbpNN","highly-anonymous","Caleb"
1267225125419614200,1234311397716172800,"@IngrahamAngle @IlhanMN is a terrorist look at what she spews!","highly-anonymous","Caleb"
1267224897882914800,1234311397716172800,"@Aug_1405 @nofreedomof @JDShort5 @DonTheSEODude @Chitty96537019 @MatyDavis @meier_ronda72 @JoeyLitteral… https://t.co/IrAii7rEvi","highly-anonymous","Caleb"
1267224773668593700,1234311397716172800,"@realDonaldTrump Why does it say tweet unavailable! Censorship? @twitter sucks","highly-anonymous","Caleb"
1266916537446826000,1234311397716172800,"So much for free speech twitter just limited my account @nofreedomof ! Fuck u @Twitter fuck u! I hope trump puts u… https://t.co/bUHf0XwohF","highly-anonymous","Caleb"
1266947464122306600,853756017477386200,"SCGG GC brain's exploding with astrology findings. https://t.co/zCdvNRLkQS","highly-anonymous","Caleb"
1266930845715239000,853756017477386200,"This one hit me really hard. I love to travel but all I ever had to worry about before planning a trip was being a… https://t.co/3eEek0cpVK","highly-anonymous","Caleb"
1266922880375369700,853756017477386200,"Have you ever had cramps so bad throwed up because of the pain? Being a woman is so much fun.","highly-anonymous","Caleb"
1266586929254056000,853756017477386200,"Such an adorable Olicity High-School story if you want something light to read tonight: https://t.co/KSxAS5y0hy","highly-anonymous","Caleb"
1266581524528447500,853756017477386200,"I'm pretty sure the only reason Chris Evans is still single is because we haven't met yet.","highly-anonymous","Caleb"
1266542217449144300,853756017477386200,"@WarnerChannelBR Não tem nem comparação, né, mores? https://t.co/rwCiB12ta0","highly-anonymous","Caleb"
1266521524443504600,853756017477386200,"#BlackLivesMatter  
- retweet
-reply with #BlackLivesMatter  
- do the same and tag 5 people
@olicityjoy… https://t.co/HJaP8v5c75","highly-anonymous","Caleb"
1266519837343387600,853756017477386200,"I can't complain, I have to be thankful, but omg, some clients are sooooo difficult to deal with. 😩 Lord give me pacience","highly-anonymous","Caleb"
1266458353674276900,853756017477386200,"@beach_smoak @OlicitySizzles @LILLLLLLL yep, the likes shocked me!","highly-anonymous","Caleb"
1266458091303981000,853756017477386200,"@OlicitySizzles @LILLLLLLL @beach_smoak Same!","highly-anonymous","Caleb"
1266456421056610300,853756017477386200,"@beach_smoak @OlicitySizzles @LILLLLLLL They had smut, sex out of marriage and talks of abortion, so 🤷🏻‍♀️😬😂","highly-anonymous","Caleb"
1267294995008159700,741887758206017500,"@Phi_NullyFamous lol","highly-anonymous","Caleb"
1267234939029815300,741887758206017500,"y’all see how important black lives are?

we’re protesting for our lives and other people are looting because it’s “fun”","highly-anonymous","Caleb"
1267234504911073300,741887758206017500,"these protests need to be black people ONLY","highly-anonymous","Caleb"
1267230458527592400,741887758206017500,"sure but no courtesy needed. https://t.co/TUCTdEcPHU","highly-anonymous","Caleb"
1267226518624886800,741887758206017500,"canNOT https://t.co/zTXg2fEEXf","highly-anonymous","Caleb"
1267222016605786000,741887758206017500,"chile, did we??? https://t.co/1bjdZLF1DP","highly-anonymous","Caleb"
1267220049896648700,741887758206017500,"LMAO BITCH YOU HAD ME THERE FOR A HOT SECOND https://t.co/y8P8MgjeK5","highly-anonymous","Caleb"
1267214752666828800,741887758206017500,"https://t.co/zlkzCur4r7","highly-anonymous","Caleb"
1267210710318297000,741887758206017500,"“every time you let them in, they take over” 

this. nigga. spittinnnnn https://t.co/0MDH6r3X0X","highly-anonymous","Caleb"
1267208396509503500,741887758206017500,"I thought we agreed on no more tiktok","highly-anonymous","Caleb"
1267208234261241900,741887758206017500,"chile... this was all good and dandy till I realized the tiktok tag and the fucking jacket like sksksksk https://t.co/V22DJ2hhiN","highly-anonymous","Caleb"
1267206923222483000,741887758206017500,"@AllysahDelores LMFAOOOOOSWNBENEBE","highly-anonymous","Caleb"
1267205468327460900,741887758206017500,"I’m offing that nigga before he even load up the bow 

like it’s obv what he tryna do, off that nigga and keep it p… https://t.co/rx4F5mx50g","highly-anonymous","Caleb"
1267196671961817000,741887758206017500,"it’s hard seeing my Dad acknowledge what’s going on because deep down it’s the thought that it could be him, any gi… https://t.co/mLsfhbExbp","highly-anonymous","Caleb"
1267340414656434200,937144409854038000,"@moraleBLS America is fucked","highly-anonymous","Cody"
1267300044211753000,937144409854038000,"Cringe https://t.co/ytSsHzC9eS","highly-anonymous","Cody"
1267239187599810600,937144409854038000,"@proud4k nice","highly-anonymous","Cody"
1267237161595809800,937144409854038000,"People are just finding out about this😂 https://t.co/X4r162D5rK","highly-anonymous","Cody"
1267235975211683800,937144409854038000,"@Mongraal Hi","highly-anonymous","Cody"
1267233481265905700,937144409854038000,"@AYAMARUYAMAZ @thelighthannah SKSLSKSKLSMS I STAN SKSLSKSKSK fkanfownfdl","highly-anonymous","Cody"
1267232469427851300,937144409854038000,"@8hails https://t.co/HmutvnUNTo","highly-anonymous","Cody"
1267232060562976800,937144409854038000,"@proud4k https://t.co/LS9uLkm62u","highly-anonymous","Cody"
1267221635117002800,937144409854038000,"@RxynFN L","highly-anonymous","Cody"
1267214281273204700,937144409854038000,"mainstream twitter has to be the closest to being as braindead as those in reddit forums","highly-anonymous","Cody"
1258802625702756400,1243715776818942000,"@soldierspalding Of course, man. Anytime","highly-anonymous","Cody"
1258801414589091800,1243715776818942000,"@soldierspalding Me, seeing this evil double nonsense: https://t.co/vk2EHfEwzy","highly-anonymous","Cody"
1258452243629686800,1243715776818942000,"@keaysmash I could do this forever.","highly-anonymous","Cody"
1258237650466672600,1243715776818942000,"@keaysmash [He kisses back happily and hums] Now that’s a cure I can get behind. [Another kiss]","highly-anonymous","Cody"
1258234172390375400,1243715776818942000,"@keaysmash Gerryyyy! You’re killing me. I’m dying. The first person to die from blushing too hard. That’s me. All b… https://t.co/odYp5n72C5","highly-anonymous","Cody"
1258177096024760300,1243715776818942000,"@keaysmash Nope! I’m not gonna stop until you admit I’m right! You absolute cutie!","highly-anonymous","Cody"
1258123569034297300,1243715776818942000,"@andytaylore Oh to be graced with another 69","highly-anonymous","Cody"
1258115093528752000,1243715776818942000,"@andytaylore Nice babe!","highly-anonymous","Cody"
1258113991827751000,1243715776818942000,"@keaysmash You! Are the cutest person on the planet! And I won’t hear otherwise!","highly-anonymous","Cody"
1257901156715630600,1243715776818942000,"@keaysmash 𝘠𝘰𝘶’𝘳𝘦 adorable! Oh my god.","highly-anonymous","Cody"
1257892575043862500,1243715776818942000,"@keaysmash [He blushes harder, still hiding] Yea well you’re too cute to be real. This must be a dream. Or heaven!","highly-anonymous","Cody"
1257887960571273200,1243715776818942000,"@keaysmash [He blushes, hiding his face in Gerry’s neck] I really really like you too!","highly-anonymous","Cody"
1257882229532962800,1243715776818942000,"@keaysmash Yea? [He squeezes Gerry’s hand gently] That sounds nice.","highly-anonymous","Cody"
1257842921254068200,1243715776818942000,"@keaysmash [He kisses back before snuggling against Gerry, resting his chin on his shoulder] I could stay like this forever, you know?","highly-anonymous","Cody"
1257837162357239800,1243715776818942000,"@keaysmash Funny, I’ve been asking myself what I did to deserve you. [He kisses Gerry again] I’m so glad I met you.","highly-anonymous","Cody"
1257831791311929300,1243715776818942000,"@keaysmash [He laughs and cards his hand through Gerry’s hair] Aw, can’t have that! I’ll have to be more careful. B… https://t.co/oBZXU71Jz3","highly-anonymous","Cody"
1257823340380774400,1243715776818942000,"@keaysmash Don’t worry, your secret is safe with me! [He kisses Gerry’s nose] I’m only the cute one if that means you’re the hot one.","highly-anonymous","Cody"
1257754640193654800,1243715776818942000,"@keaysmash Not to attack your street cred or anything, but you’re really nice. And cute. [He kisses Gerry again] You’re amazing.","highly-anonymous","Cody"
1257693559169470500,1243715776818942000,"@keaysmash [He kisses him back happily, moving to cradle Gerry’s face in his hands. When he eventually pulls away h… https://t.co/267LxUhTbC","highly-anonymous","Cody"
1257545584120119300,1243715776818942000,"@keaysmash He’s working on it! Being kinder. He’s not gonna hurt me, okay? And, besides, I can just k!ll him if he… https://t.co/01JMqVOVN8","highly-anonymous","Cody"
1257539273215139800,1243715776818942000,"@keaysmash He’s not–! [Tim frowns, fidgeting some] He’s nice to me, okay? And... he makes me feel like it’s alright… https://t.co/jqMIFXAQRB","highly-anonymous","Cody"
1257530790289834000,1243715776818942000,"@keaysmash Wha– I– why does everyone have such a problem with that?!","highly-anonymous","Cody"
1257528341315412000,1243715776818942000,"@keaysmash [He sputters for a second, surprised] I... okay? What is it?","highly-anonymous","Cody"
1267374753310015500,1248161766275715000,":)) https://t.co/9VI5nz4OrX","highly-anonymous","Cody"
1267373562114998300,1248161766275715000,"@minaiac I’m so excited","highly-anonymous","Cody"
1267373377439903700,1248161766275715000,"thank you, next album has zero skips","highly-anonymous","Cody"
1267353326229872600,1248161766275715000,"THE AMOUNT OF MISTAKES THERE ARE IN RHIS MAKES IT 10X BETTERJWJAHSHS https://t.co/9RRPw4EKjN","highly-anonymous","Cody"
1267338491618263000,1248161766275715000,"@quackityhqs1 YOURE SO BEAUTIFUL 🥺","highly-anonymous","Cody"
1267334624834990000,1248161766275715000,"@via_therat 😳😳🤍","highly-anonymous","Cody"
1267334595189579800,1248161766275715000,"@valichuchu LMAOOWHWHW","highly-anonymous","Cody"
1267333560089882600,1248161766275715000,"it was funnier in my head https://t.co/MCRxNie3kL","highly-anonymous","Cody"
1267327244806078500,1248161766275715000,"@quackityhqs1 I DONT THINK SO BUT PLEASE IT NEED IT FOR AN EDIT IRUQSHHSUD","highly-anonymous","Cody"
1267327174534746000,1248161766275715000,"@DumbQuackity THATS MY MF WIFE LOOK AT HER SHES SO CUTE","highly-anonymous","Cody"
1267327098374500400,1248161766275715000,"@DumbQuackity pili 🥺 I love you so much more it’s insane 🤍","highly-anonymous","Cody"
1267323640909041700,1248161766275715000,"@kylloww STOP I LITERALLY WAS GOING TO DO THIS","highly-anonymous","Cody"
1267323577705140200,1248161766275715000,"@ahonaslife can there be a middle option","highly-anonymous","Cody"
1267323486831345700,1248161766275715000,"@quactitty I’m okay but thanks","highly-anonymous","Cody"
1267305998936662000,1248161766275715000,"HAHXHWHSSHA https://t.co/bt2Um2vSi9","highly-anonymous","Cody"
1267281225103925200,1248161766275715000,"@quackityhqs1 IT WAS SO FUNNY","highly-anonymous","Cody"
1267281070157938700,1248161766275715000,"@wuackity4k JEHSHSHDH","highly-anonymous","Cody"
1267281026314842000,1248161766275715000,"@quackityhqs1 LMAOWJSHS","highly-anonymous","Cody"
1267275571748364300,1248161766275715000,"@jocelyn_mwah jocelyn 🥺🥺🥺🥺🥺","highly-anonymous","Cody"
1267273374990024700,1248161766275715000,"@selfluvselfglo aww love 🥺 I’m glad I can make you laugh,, that means a lot!!!","highly-anonymous","Cody"
1267272999272616000,1248161766275715000,"WOOF WOOF BARK BARK GRRR https://t.co/oUuTZaWfgE","highly-anonymous","Cody"
1267271927057526800,1248161766275715000,"What started it all https://t.co/i4ZupDQ3Nh","highly-anonymous","Cody"
1267270761355624400,1248161766275715000,"@tunafishsa1 AWWW IM GLAD ITS HELPING LOVE 🥺","highly-anonymous","Cody"
1267270128460279800,1248161766275715000,"NOOOO https://t.co/T96RZ4hRjy","highly-anonymous","Cody"
1267315378214056000,1110323463913394200,"I don’t think I’ve mentioned it yet, but... Yes. https://t.co/1gk8FgsZBP","highly-anonymous","Caleb"
1267296086747734000,1110323463913394200,"And I forgot the lighting. WHY!","highly-anonymous","Caleb"
1267295892983500800,1110323463913394200,"A gift for @Real_IkaMiyuki. Just a cute bean with some fireworks in the back. (Wanted to make this a gif but sfm be… https://t.co/jwyrvlnqCX","highly-anonymous","Caleb"
1267280245469651000,1110323463913394200,"Twd98 is on wiimmfi. twdWaitingtime","highly-anonymous","Caleb"
1267269992325812200,1110323463913394200,"I don't know if I'm mentioned it but... I'm a big paper mario fan. No matter the style.","highly-anonymous","Caleb"
1267240800502657000,1110323463913394200,"@Placed12th Okay. Thanks.","highly-anonymous","Caleb"
1267236390242115600,1110323463913394200,"Okay let’s do it. https://t.co/uKutsoJWet","highly-anonymous","Caleb"
1267236281442066400,1110323463913394200,"A person who can go on and on with information about actions of pedos and all that jazz. https://t.co/LJX1wiYLOd","highly-anonymous","Caleb"
1267234235515052000,1110323463913394200,"@MakoTachiWife What the hell?!?","highly-anonymous","Caleb"
1267234087913304000,1110323463913394200,"@Placed12th Can you do something like a paper mario splatoon icon before I think about commissioning.","highly-anonymous","Caleb"
1267233702393909200,1110323463913394200,"@5ublimeHeaven We’re on the same page here:","highly-anonymous","Caleb"
1267233608433111000,1110323463913394200,"@MakoTachiWife What the fuck... You expose people for a good reason. Not for a reason that doesn’t seem to make sen… https://t.co/56J5IOikuw","highly-anonymous","Caleb"
1267229195123527700,1110323463913394200,". @DinosaurYY @BabyDin39743533","highly-anonymous","Caleb"
1267229104543318000,1110323463913394200,"What. the. f*ck. am I doing with my life. (Wanting to make this a huge pile of bapy dino's but I couldn't due to gm… https://t.co/jfT0H7zlvc","highly-anonymous","Caleb"
1267221875970752500,1110323463913394200,"@InklingSonic This account didn’t age well at all...","highly-anonymous","Caleb"
1267200773789753300,1110323463913394200,"@meltymetroid 👀👀👀","highly-anonymous","Caleb"
1267195952655478800,1110323463913394200,"@TwoDevSensei Saw that on youtube. Can’t wait.","highly-anonymous","Caleb"
1267193831126163500,1110323463913394200,"I really wanna do animations... I know how to do it, but... I’m starting to lose my motivation due to irl stuff and… https://t.co/xIxyoj8OAn","highly-anonymous","Caleb"
1267188202835763200,1110323463913394200,"@InkopolisLife A dino is a definition for cutie.","highly-anonymous","Caleb"
1267187904482336800,1110323463913394200,"@InkopolisLife What is a dino. Not that dino.","highly-anonymous","Caleb"
1267187560004149200,1110323463913394200,"What is a dino.","highly-anonymous","Caleb"
1267187124639580200,1110323463913394200,"I don't need mee6 when I can just use a blank obs screen to record my voice...","highly-anonymous","Caleb"
1267297492183527400,1182803007857135600,"@WishUWasMee Play too damn much 😭","highly-anonymous","Caleb"
1267272365538492400,1182803007857135600,"Quit playing 🤣🤣 https://t.co/DgBDTbaW3p","highly-anonymous","Caleb"
1267271285652033500,1182803007857135600,"@WishUWasMee 🤣🤣🤣🤣","highly-anonymous","Caleb"
1267236613022777300,1182803007857135600,"😭😭😭 https://t.co/14CSUJREq4","highly-anonymous","Caleb"
1267236555011358700,1182803007857135600,"@WishUWasMee She say woooo lessgooo 😭🤣","highly-anonymous","Caleb"
1267063211683086300,1182803007857135600,"@kidsunflwr I know what noise u talking about too 🤣 it be like SKKKKKK⚡️ 😆","highly-anonymous","Caleb"
1267060886612648000,1182803007857135600,"@kidsunflwr 🤣🤣🤣🤣","highly-anonymous","Caleb"
1266793880441303000,1182803007857135600,"@IssaBernardKMG 🤣🤣🤣🤣","highly-anonymous","Caleb"
1266782485809188900,1182803007857135600,"@IssaBernardKMG Me because I’m fat 🤣 https://t.co/iVmtkyoH90","highly-anonymous","Caleb"
1266777289452331000,1182803007857135600,"@IssaBernardKMG U trippin","highly-anonymous","Caleb"
1266775643594936300,1182803007857135600,"@WishUWasMee https://t.co/fY6x1aE0x6","highly-anonymous","Caleb"
1266775590327193600,1182803007857135600,"I know g bout tired of me I keep changing the hair color I want 🤣","highly-anonymous","Caleb"
1266774222405349400,1182803007857135600,"some dressing a be fire right now","highly-anonymous","Caleb"
1267032999134146600,904188610852872200,"@Inevitable_ET This is from the front of the building. https://t.co/JJT2zsQMD1","highly-anonymous","Caleb"
1267031570050887700,904188610852872200,"@Inevitable_ET This was at the Grand Rapids Art Museum, or a building attached to it. https://t.co/4Qicg67JHn","highly-anonymous","Caleb"
1267028123859783700,904188610852872200,"@LindaStarr @mishisabish @EvanAKilgore It was heavily guarded after the fire was out. Still smoking but I didn't da… https://t.co/HB4XnAgNXH","highly-anonymous","Caleb"
1266984059420500000,904188610852872200,"@LindaStarr @mishisabish @EvanAKilgore I walked past this in Grand Rapids, Michigan. Looked like a dumpster fire wa… https://t.co/iPt4LQRViZ","highly-anonymous","Caleb"
1267276246762823700,1057086099619790800,"@criminalquinze garoto","highly-anonymous","Caleb"
1267273191086579700,1057086099619790800,"nossa fui olha tweet antigo e o pior foi q eu ganhei uns tres meses depois isso funciona façam https://t.co/SSzHJ3YovT","highly-anonymous","Caleb"
1267253415018672000,1057086099619790800,"@amy22729621 @pecapello vc ta me zoando","highly-anonymous","Caleb"
1267235575398043600,1057086099619790800,"the neighbourhood eh mt bom eu amo com todas as minhas força pra sempre","highly-anonymous","Caleb"
1267228532532482000,1057086099619790800,"fiquei tao triste q esqueci de termina de le meu livro","highly-anonymous","Caleb"
1267199251421028400,1057086099619790800,"minha cabeça vai explodir eu vochora","highly-anonymous","Caleb"
1267198878216052700,1057086099619790800,"@nonvieri @DracoImagem q satisfatório","highly-anonymous","Caleb"
1267149642808131600,1057086099619790800,"@criminalquinze bonito qnem vc","highly-anonymous","Caleb"
1267145635591061500,1057086099619790800,"bebqda com a maquiagem borrada dançando djavu q domingo quase oerfeito","highly-anonymous","Caleb"
1267094026609741800,1057086099619790800,"meu deus eu sou mt cozinheira acabei de fazer o melhor pao de alho da minha vida","highly-anonymous","Caleb"
1267044777247281200,1057086099619790800,"deus sera que vale a pena lava cabelo hora dessa num vale ne","highly-anonymous","Caleb"
1266923637954797600,1057086099619790800,"@kau4necris ??????????!!??!??????????","highly-anonymous","Caleb"
1266915167733985300,1057086099619790800,"nossa n eh possivel ela deve ta fazeno graça com a nossa cara https://t.co/cZRB4yhmEZ","highly-anonymous","Caleb"
1266912088900997000,1057086099619790800,"nossa eu fiquei exatamente assi https://t.co/3uEyQXCt0b","highly-anonymous","Caleb"
1266904144981504000,1057086099619790800,"eu odeio quando eu mando as coisa pra thaynnara aprova e ela some pro quinto dosinferno","highly-anonymous","Caleb"
1266901727040737300,1057086099619790800,"@Gabriel_Arauj02 gabriel eu nao consigo nao desce na minha garganta bebe doze copo de agua por dia quem consegue fa… https://t.co/OOzFPurEpy","highly-anonymous","Caleb"
1266900604862988300,1057086099619790800,"instalei um aplicativo pra me lembra de bebe agua to desde ontem ignorando as notificaçao","highly-anonymous","Caleb"
1266897768423002000,1057086099619790800,"@Laridsaldanha nossa q muie bonita to ate triste","highly-anonymous","Caleb"
1267364592985895000,737118696829681700,"gn bæs stay safe &lt;3","highly-anonymous","Caleb"
1267340641974931500,737118696829681700,"ICANT STOP LAUGHIGN WHITE PEOPLE R SO BUTTHURT","highly-anonymous","Caleb"
1267340439855620000,737118696829681700,"HELP https://t.co/QskJVfvAmD","highly-anonymous","Caleb"
1267340133927284700,737118696829681700,"why u look like that reptile on ur shirt https://t.co/ip73xhRcoa","highly-anonymous","Caleb"
1267338881122267100,737118696829681700,"THE WAY HE WAS PUNCHED HELP https://t.co/PRmrZJz73x","highly-anonymous","Caleb"
1267338000918175700,737118696829681700,"we won’t take advice from a cousin fucker ❤️ https://t.co/nJPg6NyFGX","highly-anonymous","Caleb"
1267278059561816000,737118696829681700,"bRUUUUY who’s this dumb. https://t.co/LI0pQjBv9K","highly-anonymous","Caleb"
1267277765687926800,737118696829681700,"no you can suffer in the heat though ❤️ https://t.co/QB31xR5iSZ","highly-anonymous","Caleb"
1267276674892095500,737118696829681700,"@valuesjohnson @DALLASJGILINSKY @lotalovelinsky @lustfuljacks @cosmicchanges @iflygilinsky @GILINSKYSHAZZA… https://t.co/6YXCYR3HU2","highly-anonymous","Caleb"
1267276194644283400,737118696829681700,"@DALLASJGILINSKY i’ll pull up to ur fucking house you nasty piece of shit","highly-anonymous","Caleb"
1267276025672503300,737118696829681700,"@DALLASJGILINSKY @lotalovelinsky @lustfuljacks @cosmicchanges @iflygilinsky @GILINSKYSHAZZA @kyliefllores… https://t.co/aCUOa3EJVi","highly-anonymous","Caleb"
1267272737137086500,937848853843337200,"@fayefleure Canada’s racism is just more subtle, but I don’t want to hear anyone say Canada is better","highly-anonymous","Caleb"
1267187401711063000,937848853843337200,"Copying Camille on this x https://t.co/3KsHW7Tvfa","highly-anonymous","Caleb"
1266800171557453800,937848853843337200,"@KrissyPhoenix @AprilMcAdams5 @AlissSwan @SoniaVonSacher @nastyabloom @AlyssaMinx @VictoriaBelmo12 @LauraMaeDay… https://t.co/GiBG1k4jyd","highly-anonymous","Caleb"
1266757530857939000,937848853843337200,"@silvenjade Get it 👊🏼","highly-anonymous","Caleb"
1266432905930301400,937848853843337200,"@Cerealkilla16 It will ❤️","highly-anonymous","Caleb"
1266431479355183000,937848853843337200,"@Cerealkilla16 Feed me 🥵❤️","highly-anonymous","Caleb"
1266168424000041000,937848853843337200,"@Cerealkilla16 I wouldn't break in a Planet Fitness... what a shitty gym lol","highly-anonymous","Caleb"
1265390113359569000,937848853843337200,"@MissSashaJo @InLeaWeLust Wifey baby ❤️","highly-anonymous","Caleb"
1265125661724872700,937848853843337200,"@InLeaWeLust @MissSashaJo AMAZING! I'm so excited :)","highly-anonymous","Caleb"
1265114529702256600,937848853843337200,"@InLeaWeLust hehe we should do a dinner with @MissSashaJo when this whole thing is over!!!","highly-anonymous","Caleb"
1264991536267305000,937848853843337200,"@BoudoirUltimate Always ❤️","highly-anonymous","Caleb"
1264989669441355800,937848853843337200,"@BoudoirUltimate Thank you ❤️","highly-anonymous","Caleb"
1264750747138371600,937848853843337200,"@Inklord6 Always 😘","highly-anonymous","Caleb"
1264742540391125000,937848853843337200,"@InLeaWeLust So gorgeous Lea ❤️","highly-anonymous","Caleb"
1264680722008326100,937848853843337200,"@Ric94033264 No shame here ❤️","highly-anonymous","Caleb"
1264657191102972000,937848853843337200,"@AprilRose_Esc @alexavonuber @MissSashaJo @AliceStormMTL @MadisonwinterTo @Miss_EllaBlack wow the first person I se… https://t.co/Dc2I3IyLIL","highly-anonymous","Caleb"
1264656233174311000,937848853843337200,"@TheWoz2 thank you xxx","highly-anonymous","Caleb"
1264652883162693600,937848853843337200,"@TonyOztolaza Thank you ❤️","highly-anonymous","Caleb"
1264651658304372700,937848853843337200,"Follow my FREE Onlyfans ❤️ &amp; if you like all the posts, get a PPV at 50% off 🌹

https://t.co/skcyPNK8TS https://t.co/Q8PTnlWaQV","highly-anonymous","Caleb"
1264406185765220400,937848853843337200,"@Camille_Haring I miss you so damn much","highly-anonymous","Caleb"
1264405678178926600,937848853843337200,"@AngelParkerxxx i'm so sorry my love, it'll get better soon :(","highly-anonymous","Caleb"
1264329352218632200,937848853843337200,"@VivienneL_TO I can send you the PDF if you’d like to use it ❤️","highly-anonymous","Caleb"
1264275722845241300,937848853843337200,"The day has arrived! I am taking pre-bookings as of June 1st in Montreal. I have raised my rates slightly and will… https://t.co/dy4tNT9ySc","highly-anonymous","Caleb"
